% First row is bid (building id) - subsequent rows are events
3562 3562 2788 2788 4572 4572 4101 5601 968 937 2257 2257 2202 2202 1774 2204 2166 1682 2299 2241 396 5012 5492 3852 61 5998 2647 2289 3078 1715 6044 5315 1734 3321 2997 2419 3750 2365 2260 2260 2354 2354 2411 2195 4991 4991 2227 2227 2261 2379 5369 301 1248 3592 1285 2314 6271 2375 1415 6317 6268 6325 1758 1692 4027 4156 1684 3695 3896 18 6300 5391 6301 6273 3248 2395 471 72 2326 2191 2708 5268 668 404 662 3493 4147 2667 1453 3866 1910 6327 570 2230 4687 4980 293 2384
123483649.6
135812334.3
147042217.7
128819710.9
141432611.3
138702224.1
140268313.1
151790951
118865684.6
142014249.2
115892926.9
132256018.6
144795141.8
142653758.6
125660244.3
148643754.2
148743629.3
126551634.1
133378064.1
151699989.4
136661482
143867847.7
140586705.6
158759088.7
106372167.2
133462050.3
123320776.7
129175141.7
132950457.5
140364469.9
126418036.2
139961994.4
142526495.4
119797486
137256848.5
140161345.1
137316972.4
135810288.7
142941241.5
150912921.1
133477517.7
155472132.5
147286548.2
144199806.7
134704844.9
157616290.4
133060489.1
148722968.6
139256883.6
145996982.6
153494117
137470829.8
144477158.7
152914589.7
142663601.3
143087802.1
123288785.8
127744216.9
136914742.7
144205308
124271709.8
149457325.5
148538841
147035560
120380766.8
135836699.9
127567184.5
125890336.8
140116254
122252495.6
145843972.7
136404742.5
141319065.5
144815083.4
122862521.1
114655659.1
149074708.5
153887897.4
146214111.6
113117137.6
128020365.7
144315563.7
120087777.7
141443425.2
124992731.1
143413928
118438083.9
136977922.6
118228492.3
134596347.1
114872112.6
135138619.8
142885971.9
129619389.4
119143970.1
133546948.2
142931933.4
129572083.2
132451002.7
116357549.8
133222881.5
126843707.3
139864660.4
130272775.3
94671109.1
142876249.2
150949468.2
138555722.3
137927350.1
123816335.4
146333971.5
126306534.6
125185384.2
144248269.8
104633496.5
123329849.9
140502870.8
148731146.5
140588633.4
142935046.9
140361811.2
145040053.9
147510669.3
147058091.2
152383264.2
151141364.9
116215515.2
129855159.7
156420763.8
144152664.8
126715312.4
103196544.1
147181365.2
122425457.7
122035806.2
138490469
153011092.7
123520870.8
137740197
144277914.6
145394718.8
120074123.5
141545150
121079617.6
152821362.7
129915430.4
142218409.8
134492202.9
147890768.6
151627005.8
144417139.5
121078117.8
139890309
121971531.7
129058925.2
132658360.9
118498139
137628467
121929111.2
139752042.4
132191276.5
124795717
147904131.1
115611091.6
139860924.3
133293789.1
145070662.7
108554646.3
132542508.1
119044024
113781017.1
126473792.6
113724196.9
127525178
152970849.5
128957143.9
115769660.4
145410420.6
138248147.6
150771259.6
140856339.8
122641162.5
141443833.1
123427425.6
117822236
122248592.5
118844001.6
141188668.3
128625171.9
144958886.9
153690859.2
134329701.3
128195244.7
127585468.5
130405831.6
138824960
125768449.9
123508853
133118006.5
138502565.4
147387756.8
156825466.4
126120292.2
133789112.1
132124337.6
139782366.3
117707058.1
148881466.2
126150333
143623647.9
146525299.8
108250625.5
136283413.5
102723530.7
146574040
135696529.9
125114974.1
132292843
127555066.3
142233252.1
143670559.9
138773356
132872085.5
132802768.3
119987368
146978558.7
140574964.5
146144496.2
137349080.3
155637425.4
121301321.3
145030453
140166909.3
142492817.2
137029587.6
147412692.6
138347482.7
138015373.6
116537949.1
104384835.7
162143575.6
129084388.7
146928077.4
101401135.2
123723396.1
146211205.2
119794559.4
137539799.8
142786062.5
137860847.9
150668417.3
158324678.9
110919280.9
146820614.2
152791190.2
153287005.6
132416367.1
98575373.96
109591992.8
119530187.5
137315120.3
145651504.1
147201867.1
146856555.9
128927597.3
146738289.7
118512825.9
119306369.8
125993047
138930833.5
140705395.1
143802933.7
118629269.3
140549475.1
139877823.2
124820225.4
142769269.8
147312442.7
143700788.6
143017272.8
141615645.3
131949972
130547541.4
152385006.3
141580269.5
109410167.2
155718760.5
123647933.8
148481622.8
148258852.3
127789590.2
113403352.9
149422937.8
120344295.7
147895612.4
132766106.8
151538968.5
122833239.1
121365351.7
144648902.4
129362558.9
127777774.9
143283454.2
152487712.9
140268226.8
123248962.6
146051413.9
112287338.4
118288683.1
124191856.5
137751466.4
149761559.5
123751862.4
145747580.7
152377783.8
115700471.6
140409262.7
127459907.5
144299479
139260113.5
144713789.7
155856380.8
139531665.7
151994165.1
149163788.9
131286158.1
124408765.4
144036915.6
147608886.4
119069184.7
139436385.6
131386171.4
111563024.7
147799615.3
137773085.3
136629466
145441452.8
134567989.2
133908765.2
130090917.7
142416317.5
134843196.8
141629947.2
140798873.7
144870065.5
135429362.5
121814388.3
111194994.5
124480355.2
126004275.4
131099793.2
128254345.6
145392986
132119515
124591889.2
145442938.4
134742900.7
116257238.7
144932309.8
148484173
147369591.4
147265695.6
143383269.1
141986894.5
156368749
155157334.8
149989868.4
135099552.9
139374661.7
125349786.4
138063060.1
139135836.9
147684331.6
145933570.1
130477305.7
140849572
145976032.5
137376811.3
128376707.5
127325281.6
135311414.6
119056887.6
111775663.9
118538999.4
142024105.9
137959832.7
113400457.5
136260632
153971302.5
126464410.2
158929987.4
158197395.9
123018385.1
131389565.7
135370731
137546338.5
133885658.1
141569492.7
146945768.7
143414681.8
156020971.1
136095790.6
142995256.1
127718562.5
143947046.1
136171596.2
142690020.2
143445641.7
122903892.3
148740275.2
123116560
146191850.8
140378462.8
157449829.3
123995248.7
143828808.7
124106277.3
134896439.6
138497465.3
121362743.8
127921942.9
124782409.1
155651624.8
122048210.6
143715426
135791604.3
134943611.5
114503088
140827296.4
130371390.7
147610549
146828609.2
134834530
135260330.8
125886412.2
121244313.9
133356405.2
118045601.3
121706972.8
146271803.4
140033929.4
140165810.5
148931214.1
161952996
106541485
130649519.7
139334407.3
132585601.8
140690477.5
148820899.3
144550937.4
146278661.4
123371400.7
132348297
140054868
129443263
132234647.2
127857152.9
108096930.7
150223266
103411752.6
140906950.2
133482032.7
154221411.2
138064331.7
148298147.9
138513947.2
108550290.4
107822190.3
143127540.6
112713577.6
113428051.7
134847984.7
127130233.4
108431908.9
132625668
125516406.4
141287567
111523861.6
132327073.2
148930624.3
140822834.6
131772120.4
129818541.8
134629665.1
150203974.7
141170104.9
142952107.1
122641352.4
114843394.5
142706721.1
141195825.2
140282354.7
121803411.4
154855051.7
134752481.7
131238229.5
146199271.1
131969767.1
141699942.5
121649014.9
138143081.8
147030189.8
131970195
142389477.2
114449598.7
123198660.3
119387434.8
141109119.7
114312852.3
147462308
146414879.4
136285156.4
125482484.3
145936860.1
154433811.1
128776853.4
151979654.2
145325542.1
142537345.1
107979977.2
136861947.4
141240710
152538670.5
137414241.3
97663443.55
140680539.6
145500918.4
132659190.2
111873798.3
142478456.8
139240756.4
155735905.2
143395108.6
132301706.9
150837230
139856903.7
147946009
124238003.8
125832576.1
131880481
135163817.5
128666398.3
132633987.9
115370561.3
156161513.3
131922088.5
129689080.2
121596438.5
145783744.4
119344313.4
128448267.2
131933332
151327978.1
145421365.1
126838199.8
116234829.1
127559421.9
139574369.5
143684194.1
150338071.9
136806341.8
140505623.9
134298018.2
140972948.5
137956994.3
118218815
138584118.4
120157302.1
145153751.1
124317659.3
145016440.6
133665855.4
142900042
147975258.1
127562735.8
116918398
125042016
133701805.1
112236431.7
127041716.3
147599555.5
154482963.7
122499327.1
125400496.4
121029152.4
107077563.5
134546933.2
117249995.5
140188149
131071283.7
135747015.2
136246640.7
139923210.8
146042730.9
149240119.9
113557844.8
140056906.3
138745792.1
118901627.5
144664197
140810949
128605670.6
139030236
136986009
143703792.1
155347778.5
142255777.6
150543495
134258870.8
133659565
141451893.7
121023967.8
125014736.1
130321920.5
150056394.9
136192810.7
136205002.8
128554167.2
113254446.2
122769311.3
134188163.9
126698432.7
129392657
117881277.8
141929381
142082692.5
128853936.2
151050141.9
124224493.2
119813851.9
128860524.2
117956436
139871922.6
122398242.1
137752371.1
112528243.3
147055410.7
132474201.7
149782686.1
134355699.5
132926691.5
124594309.4
138919308.2
135823416.2
136472135
150857666
148941954.6
141892966.3
134167961.2
135308553.1
145241411.2
143434092.3
146181743.6
148337024.7
138995028.5
149639280.1
111438296
117528209.3
123217929.1
138413114.2
145647757
128431573.4
130032279.6
155188152
139824273.6
140962442.1
151014569.6
119375894.9
142673189.2
132939472.5
132631453.2
128250131.8
129220139.9
143695562.6
143103074.6
134178447.8
110209502.4
133658883
147528299.1
119080351.9
126180694.4
138453508.2
129706828.2
125587116.4
115699586.8
120155466.9
145515870.5
121507906.5
130432316.2
144548486.7
135920972
133017935.6
134651418.6
136940043.7
150015872.3
141736711.8
113240039.8
151156146
148941137.4
146011796.8
154173522.2
133400812.5
151037301.2
110192534.7
156869091.2
134146975.5
140372253
160358696.2
110700714.2
143576648.1
118649295.7
147516269.3
134678439.8
153676961.5
139462200.3
138449281.3
138495173.1
125801149.6
122661444.2
118702405
134671896.9
147886398.2
101391269.2
157748780.6
123258642.9
123651973.6
128278268.5
114796563.6
124418597.3
133853901.8
138702433.1
140128046
119033072.1
114480420.9
154285005.2
142576963.1
121373870
153279381.8
154867626.3
134229379.4
149472978.6
147602827.5
136438191.5
150483963.1
132906513.3
149466791.9
128582421.7
139693004.6
137144413.2
146830480.2
110936477
142446581.7
149713654.4
147729733.5
136536328.7
142440877.2
145685810.4
140812475.2
144793739.2
145107970
129214977.2
143614646.8
144956175.9
144562547.1
133399242.5
118057509.5
152554559.2
134269332.1
151475101.5
140402321.6
135525879.7
144415406.5
154977628
138011083.8
138591302
130379350.9
144038726.4
121628169.3
133832160.6
142695176.7
150397889.1
127260207.5
140761898.7
136896071
132037979
134496882.6
158735632.9
138636649.9
136762953.3
140808633.9
137285815.8
151530082.6
162798726.3
138693094.3
137170194.3
124631623.7
142949698
133528907.8
115441953
161092327.1
111034978.8
130269463.8
130995781.2
151544213.5
143913107.2
154068874.4
138422736.7
137013582
152395150
143474399.6
136121744.9
153902062.1
153925195.3
116806036.8
107742294.3
106328805.8
129937427.6
149888070.2
145665929.3
134260900.5
115385078.7
134604192.5
128841404.2
143502218
138759002.7
141585514
113835377.4
133229023.8
143524204.3
152658202.8
157805444.7
143652395.6
150623532.8
150170695.9
131684655.6
154882020.2
148722148.2
146330956.9
137731479.8
150456705.4
127814211.5
116818441.2
111322176.6
111994055.4
136898994.6
133163089.3
122746785.7
121201938.6
146302109.2
141058954.4
131710404.2
124376792.9
146709614.8
139934495.7
132537961.5
116147065.5
137191348.8
142194287.1
156059430.9
133430340.6
139499561.3
117309990.4
144363433
140617580.5
130108124.8
142394991.6
119412195.6
139517550.1
137728257
128596928.9
152795229.8
135238629.9
154239098.5
115616830.1
150285880.4
150828938.8
142393532.5
119803712.7
108894692.8
146410345.3
150304852.4
129362056.7
124928840.4
138533277.8
137848087.5
132296985.9
157184638.8
139079809.6
140128365.2
140844967.2
121626135.6
117805367.3
130289989.2
137063610.9
126699897.2
142114827.8
153021511.1
135011427.7
144190820.2
124845139.9
129163991.9
130840039.7
111875335.1
116450147.8
151434513.6
131160415
140306582.9
119713135.8
132127766.8
138757647.2
121348181.4
144663004.7
132676727.1
141706823.5
148575901.8
119567303.7
115282728.8
130230992.3
126299429.7
135075483.6
152659481
115525369.6
119207159.9
139977617.7
149488849.9
127742941.8
152678995.7
147306218
117734151.3
143897455
134090950.8
139357284.9
111401998.6
165093674.7
143712062
127385435.3
136022244.3
152961057.7
143505341.7
121578675.2
116489690.7
142926271.7
131717739.2
148264433.1
126578502.6
138389440.8
133620092.1
129956834.5
126305393.5
154006005.3
141894405.1
116720482.9
150222139.3
139778369.5
143646599.2
151295667.8
144938344.9
140844088.6
142455508.7
138995639.4
122698946.7
154456151.5
149087480.4
114902860.2
136275487.3
148287248.5
147805121.6
144497562.2
156080775.9
127444548.1
144022408.1
137353300
125713488.2
141999334.8
157295209
141623193.7
127090305.6
139830903.6
143505680.4
140860435.5
161704096.1
101088676.3
133534829.7
108999229.2
134670251
140219242.2
136639499.8
138107348.4
132881191.8
120346766.2
114714405
140308933.9
134596008.6
134821543
143614193.1
153572515.2
149086524.3
109173917.8
152251992.8
147625998.2
147657048.6
