% First row is bid (building id) - subsequent rows are events
3016 2671 3023 3521
856.3383276
17871.39327
28466.61672
0
6480.587207
137.1020192
31.62995672
0
41074.76563
207884.3684
0
22863.5555
539.628619
37999.05492
155.6747529
21366.70846
21928.82151
592.6006532
1821.324337
187.8184742
30675.15937
23431.03018
7756.051301
1426.908605
11363.2805
34956.78751
0
49766.15931
19966.51629
2377.090928
5826.977154
23246.79434
1796.120854
56.55454868
30066.37507
5525.965003
620.8345928
3107.67895
315502.178
42850.19542
81155.97211
1701.424074
2557.954672
24603.55063
65901.77668
30789.17229
4448.012439
84502.95437
51541.87925
20782.9406
46.03307805
9453.331219
0
4308.949899
289320.798
20970.75155
2679.493293
12858.63095
475191.1643
5018.191676
17781.04934
371.1164881
1409.02226
2248.953986
688.0680491
34991.86529
426.4879324
493.7323621
10308.47269
7796.315213
19884.48853
11271.94533
15326.86998
2302.70856
25.92785611
73.32375329
234176.3056
235085.7741
617.4124231
7884.425356
688.2980587
34906.49462
18547.26622
39362.8161
18191.00975
26490.31674
33837.83663
0
2526.597507
660.3296727
17748.19604
417.0743397
433200.4128
466.9011157
2759.507244
8298.498903
6881.018086
386.6586159
6706.907709
22.75274135
428.3769023
14086.67157
33801.28584
3724.659725
21210.82553
2018.322904
76.06075629
1850.059257
4653.231885
0
285.1367071
5696.381226
128368.1433
3530.701138
1299.778887
102666.6617
370334.0086
2022.068844
2323.279351
1097.236297
24891.75905
79.62859342
45386.95168
207.2198001
13369.33552
30766.93207
5439.777052
27564.00707
31056.70361
57355.10665
97.64179187
0
5411.066552
3426.228889
9471.589408
13617.28189
8348.90072
36660.54623
0
25595.44819
13308.24805
174.2179943
3379.443362
64893.2085
5892.616517
1058.194687
3598.700856
1432.682596
125697.5513
0
7135.569659
206.2705466
9734.098243
11977.58289
6415.456387
25308.24513
4265.770419
267312.4591
0
23944.95274
22776.26859
11.37405461
1347.443462
18010.60895
201038.7582
17706.96448
4266.851573
0
558.3762615
1347.414676
17498.28581
0
3933.366959
1643.79192
29042.84193
121.7529468
0
0
123.7569871
27950.11346
29019.2914
20842.95341
2035.71471
0
69473.26462
0
798.7450435
54958.90514
34510.20754
39999.83397
7327.639913
748.7073689
2605.374238
20409.90618
27738.75361
285.4985906
2529.104025
31165.02694
2735.804238
204.5318026
3842.665831
19496.12776
81304.67609
3467.344576
466.9483175
6687.479505
12741.65275
0
14656.31306
21122.08943
4105.916322
1523.71306
46408.37682
0
40146.01724
4619.609705
3526.452966
2249.925416
19970.05566
13293.25906
286.8715227
0
9556.275226
25986.83041
9280.354343
0
1430.248684
83.88747618
3447.130085
47164.3043
6709.464374
125626.1074
28558.46191
10441.50787
857.7741897
17171.8263
1668.180327
76.5352871
9629.301396
14133.1215
9.660238312
938.0821047
34345.6829
740.6812859
79772.46269
5566.50686
1697.341481
1736.85684
2981.288385
0
109.7061198
29954.34752
22753.59413
3092.51751
28021.35718
0
12804.44868
5598.600242
478.5768044
89.16319588
8238.589666
1477.859519
66620.22517
4536.073007
111796.833
2282.661055
268679.2572
1148.900609
29212.46675
376.9414124
876.4581121
1851.560818
35537.11485
1602.678294
24855.94246
23531.96357
24578.47837
17294.07649
8892.065173
45.14389259
3773.751474
0
32997.84588
9032.268944
129.1501262
17486.58915
118162.5412
131.7689258
12987.54665
0
15010.98534
1410.159671
623.89347
10089.48484
6561.507816
4634.469088
569.956981
24779.11231
40257.79996
2319.623523
26912.84637
5502.855599
0
16632.32391
859.2428941
27236.27817
22644.2995
8059.282641
3308.323343
3478.890329
24863.14333
52605.50391
8706.332853
10278.15082
13048.35952
17060.228
23289.40213
397693.5298
2992.125814
2368.475395
0
12301.51804
17388.39518
5147.771802
2158.191037
21905.33027
2228.014929
5336.869116
10443.86193
6481.332245
580.6859551
561054.7119
133.7946691
7144.891916
21388.56956
45.34580042
13859.12364
18766.40005
109697.6868
37242.62454
18293.23835
2455.76029
51.09804204
38539.91981
29142.2846
793.8128312
0
4636.863182
9065.891677
17216.36696
2002.866179
5992.945105
41735.67066
127582.0192
6944.489959
28008.74917
3194.266343
1939.632252
773.3921116
6066.555653
19359.36563
4951.171469
9574.2912
22211.79957
105415.5355
71604.37844
26179.87134
5463.603532
367355.5285
0
1226.308493
14753.46951
4630.82087
667589.221
329.1002677
13801.229
18111.13665
92053.8432
21426.39579
106051.5132
8418.365115
19699.53801
13528.04451
0
50383.59907
58247.57536
10124.01639
17552.33807
2953.268376
38775.18264
19279.58068
2764.581703
330.0775841
16975.13611
8516.355066
10702.79699
7206.150645
2998.824142
145058.8103
0
1813.927611
8009.233261
15001.18254
19233.26166
154220.6207
10678.81856
24393.30465
263.4896796
56236.00241
49277.5718
40713.40513
47688.69518
15293.26308
14485.11571
37.07533562
9915.95852
22061.76073
3579.533848
16514.64143
1873.290618
1830.939078
0
49779.79698
3621.489717
956.0682333
598.7108046
331431.3476
4001.529018
0
392.2099094
21341.54956
5414.756405
7030.769483
14419.56613
8214.188242
1190.225152
368698.2962
0
375937.2968
11666.53951
481.7191804
375.5727848
20257.3386
592.3443517
12093.11361
15982.81876
304.1724896
6257.930557
4342.086313
12112.54998
29263.71705
16484.06545
15986.39335
1152.58704
9748.641756
39897.99552
555.2051921
5669.026959
28738.17736
78270.18529
57100.30968
1722.10823
32500.26307
50049.3959
10393.38304
17132.94924
1707.737738
384.5744766
93545.32606
226.7457662
2008.279807
377.0185468
1930.018179
957.586236
5992.351921
6892.714208
0
1400.912394
303.8576041
10978.67897
4009.867276
3619.578976
441.3330562
13664.87304
44.64922732
8294.49723
43562.27925
1492.094857
94220.79941
33990.45623
7885.544079
22419.07686
1024.79603
220.6460798
3230.836201
0
58353.87571
187.2454704
335.190573
10696.08141
2579.500576
155149.4016
23887.11471
83684.90824
359.9917482
0
16039.26548
3521.865699
73616.17466
79437.74906
1158.400174
15247.16165
7974.922848
18686.19571
183.3614942
3679.415283
1584.429342
14560.61887
2048.752544
4163.308119
0
360.5591777
104893.0297
3093.395199
42496.20948
5134.741559
49055.35885
519.2039798
0
15188.5022
0
44.19438627
22370.47658
3892.849156
15559.61741
51832.0748
12250.0379
1776.068309
3279.382718
224592.6317
71159.59093
281.9214543
4226.124408
0
5532.837045
0
4636.997971
3336.366551
1935.059094
258039.1939
3473.605612
8511.01123
57242.43989
814.8971289
25503.83215
15719.36566
14048.32143
6645.572408
4250.778556
4319.019027
2464.219481
726.9110593
54261.74538
1737.475892
0
126.9858738
264079.8269
868.3866182
797.7981409
199141.9488
5830.368026
567.1215469
21066.86391
5882.905941
14322.25672
24080.7881
0
7415.579898
113.8944527
5563.915343
3043.783153
5573.202176
58700.23001
601.8328296
135903.281
32344.6574
6269.64105
36201.07587
15591.89995
441.1654587
540.2917333
66935.5001
3073.616328
29592.32165
7604.807959
87029.21154
508.8550734
6587.778969
38628.54708
9013.106136
17658.75304
0
40263.58695
39613.66811
9708.004995
324339.9627
1648.704201
164.2198792
4512.849076
7227.492229
24622.31129
67111.03305
6670.02018
9017.155725
934.5038927
30588.74635
0
3849.568383
1204.114343
1623.317957
107827.2455
56.01961171
0
0
71932.95866
1313.924958
6145.127875
0
3348.39721
9737.639402
4769.200499
8158.437587
22345.53327
32895.55489
2367.207282
8688.109847
3287.786789
10493.61773
2815.431308
139.8806441
0
49642.48471
0
5399.987962
4577.33263
80417.53211
830.6494663
43017.82005
3628.46826
2925.756825
48352.68932
120.2870445
0
1023.127523
33606.82716
15503.52508
1400.373992
72239.26461
60290.30506
3016.845732
337.5925558
510.7014846
1403.395443
44348.18274
15587.96931
13127.22582
3844.727032
271.100626
45397.42403
95585.90171
245388.009
49772.82652
2122.364707
132.4676039
50059.58918
22197.82459
670.6601324
47240.52412
62583.60182
11739.33674
17899.75521
25031.76777
75066.94619
7041.930417
13429.4566
1410.647828
12368.35034
4460.738128
874.4994841
46471.36227
37732.74032
25049.43597
83580.92039
3034.196492
26925.22293
251.0978782
571.6179826
851.1249098
8891.090255
5316.719296
61777.07622
49195.9519
35233.22896
10956.68215
85.77385598
2188.957226
2997.605876
117045.0653
59458.0044
10132.3323
1379.952588
28453.9844
35.81784669
28586.63417
55272.31448
22600.02806
39851.4679
710.966729
976.1773442
94.26714146
329.9770579
54825.09251
14470.70615
13610.10745
865.6056884
4965.171137
91862.41045
5321.595343
1574.031373
1170.28166
3575.162695
11523.1718
0
1321.700016
32555.69564
1134.288946
5507.540526
0
104761.5814
2024.168692
635.6672844
9003.375084
105275.3031
1003.412831
32536.05698
9009.14539
14447.7343
3790.423732
3060.207076
12482.52272
65987.8179
14408.6365
4222.666897
6066.686417
2625.008076
104.4398521
29656.70512
91314.48142
0
76.53525482
48.84249012
248.4466081
0
4495.062532
8364.235596
892.5457892
7213.230484
6404.463145
3056.179596
20436.2028
1199.086288
37094.30079
21545.98831
16016.55278
300.3757926
235.4344195
19188.60111
8526.411042
2778.669181
355.2748124
117.9339222
4249.192635
178.1778794
0
9656.090594
39359.07766
24264.96369
0
7012.749606
2941.422397
0
528.4880393
99513.44662
26232.4681
0
319.7882553
26120.06816
9964.301316
6705.365495
268.0106188
2571.442775
16.54337738
5192.076843
1025.260041
11551.143
8928.282301
11316.52645
11583.1992
13364.39716
50956.01562
637.8450364
493210.5738
2332.992464
0
3790.599003
3759.017884
5699.678453
830.5187556
4124.457954
3260.688097
13764.80483
6801.543174
329769.7884
278.8974423
61245.48924
2658.461121
336.76251
3244.303303
177362.4037
108073.0427
5296.866999
4818.629442
15330.96143
14581.22742
738.6850695
14775.94118
388.782919
451929.299
25167.18027
6068.129865
124.1602394
161.7257235
5014.948497
1028.162742
574.9981486
6008.450772
427.1139005
0
0
0
3779.284545
0
32229.12537
139332.3777
43124.80121
5892.783905
6747.051726
2286.991281
1958.174248
11949.09651
1556.753048
2841.499211
6495.321998
0
114386.9401
1055.832598
23933.09097
0
16045.7415
31319.65978
57.63838565
1368.867005
9736.989809
6657.335523
587.746905
152.5612974
0
33.35763402
13211.52718
9609.12778
19180.22785
0
9418.873812
17712.46347
15998.08486
0
13960.06444
3604.05483
36960.22963
15635.30853
1966.211203
50748.07444
11697.81307
5884.927815
825.0017441
0
50905.15776
57181.07603
1201.51552
12231.78068
4106.12154
795.3514631
61954.73724
3868.227024
0
86087.19839
877.6977744
20619.73909
14.92096534
17686.07229
3505.834041
31291.63356
6095.238058
21687.09169
0
8641.685557
2020.006608
26229.09786
35674.32161
4312.0717
854.7524315
15231.33216
5860.141672
3820.251383
6380.788032
2835.609588
729.3559892
0
5791.434023
12913.70939
257.0503844
47578.48444
0
847.1240381
445.2328372
1081.11983
598.0773731
2825.004156
203502.3552
1334.873733
0
6299.037855
58.18018747
901.925475
1575.544358
6367.008924
4020.569841
1049.384553
259.0673941
26797.56487
0
12355.43619
197393.1128
21059.12387
0
12147.48498
152.6380883
10214.63666
3549.637779
1127.507063
156.8094623
5681.58591
26249.80616
0
238.6684532
2116.250237
17560.13414
4936.469884
51007.63473
55123.51769
4341.695663
4949.959969
2860.341688
972.2189492
1361.504918
131.9537459
8708.55524
14814.79401
181.1089293
996.4406854
263.7248912
58881.56854
2646.79835
1095.969716
47255.28349
9003.488267
16259.78051
12854.3683
3535.116133
33760.41895
21357.42983
12656.66272
406495.5484
29184.49117
13373.64832
11511.19233
1451.091542
8916.555493
2906.728221
60662.91927
12295.25502
13544.77689
8643.308766
1920.031455
7843.356302
409.0381943
2993.186715
32574.01466
3799.259545
25061.51266
18981.20398
1504.792417
579.1181063
59197.78366
9853.786345
6186.390275
556233.7125
710.3971253
6167.867425
1879.562075
1802.257677
45812.79852
2613.197242
21254.87399
8.072423267
51.72715503
107827.5722
62061.11274
6735.518975
0
53445.47366
90.26291611
11420.34821
2136.240524
32683.86725
6322.171573
31583.89334
10361.59164
4195.943637
1582.507809
1491.880921
0
2894.413179
2451.603392
0
50471.7257
396.3037791
8253.331095
0
5678.075407
54.32580773
7171.569301
0
0
1718.301809
8919.413609
944.6793476
6729.203319
594.5636419
34833.97591
15830.94956
1223.830096
6077.971126
873.8261193
11.86031913
21656.36944
33432.65018
114399.4179
26062.04445
31629.82437
5547.727226
32124.41232
1623.041895
90877.98502
406.5124069
315583.5224
6251.311757
32.37428064
18229.32777
614.7126213
431926.1737
296242.5341
35702.17114
32695.31338
0
4495.024895
12331.51466
739.3427413
14868.07704
95979.43307
830.3618769
19277.08519
63241.02702
8728.502681
14209.17067
0
1014.220142
7290.830668
23485.67572
67060.79119
11081.11357
2933.284571
773.3771141
1586.866491
0
18429.66391
21429.74564
13221.73156
10566.67921
20969.63697
888.2347405
1696.899652
739.1250246
11993.05013
6225.089508
63626.90144
3512.330727
5186.700156
555.7497096
5590.855234
85229.89639
76609.87554
5066.792469
20821.49862
112617.2307
0
4981.284851
7454.520253
760.4457932
0
2106.545106
10558.69089
31828.05357
3638.295062
0
7193.874725
108586.9453
976.1693096
7683.637354
622.8146504
0
25.95007749
0
0
67886.03854
614.3092871
28742.71002
14.3881529
1811.06773
19588.33045
14286.69058
94137.93662
34426.49247
2861.281412
32.35401823
6338.646722
599.8619562
0
10.53503626
171416.4382
69.21750586
9502.260812
446.2799215
14432.48685
5073.413071
8341.34261
116229.9578
0
124637.7852
36826.81428
71140.95519
4056.589969
524.2454444
22203.3089
37204.54719
20898.75594
29.16951789
0
2555.470144
4480.04771
56758.27074
18370.70499
1078.315426
49443.6385
158.2546474
5884.356798
39908.60455
40533.33554
0
35334.37098
33987.37368
32102.93958
0
952.2643325
3853.930215
2172.758078
22327.18727
296697.4027
357.9991258
6203.164609
46011.28616
38404.28939
15180.94163
4686.25404
0
864.7631822
55.4929323
48565.04462
9717.789568
13347.73225
3660.373119
9470.254445
24396.73625
272.3608708
9036.498098
3415.170561
12606.79785
12052.57879
6789.233401
4254.633844
5612.925063
5490.980336
23252.23951
5959.957412
2737.575865
31916.47465
276352.8268
2010.11703
473.7868054
1370.880917
4634.343265
3927.733975
49115.92552
35480.71921
35148.92078
18585.64457
30480.73137
235.1819327
679.6557096
1091.572374
7704.811945
18169.0387
7571.857316
53419.25238
66728.19782
0
10725.92178
1726.93902
23902.88314
10097.79136
2893.506762
1398.314282
2194.822525
17432.32425
2922.997801
21374.40003
243.1523988
0
796.0137418
23928.72245
27596.97986
1044.495217
39309.706
7969.715321
2728.270118
0
0
339.0933765
906.7324055
1279.924321
0
1754.907517
1230.171213
3406.99103
8956.701238
576.3311185
64285.4999
408.9514121
8273.779324
615.1158055
23267.65546
9713.017733
41886.08183
2937.358972
15234.25314
94697.79165
2875.114576
41164.51406
2578.025634
175.1977788
11947.20907
22361.11281
273512.6752
686.890595
3000.145827
84379.2933
6223.252448
3324.708521
73030.94563
21299.64377
0
2992.077076
15778.60533
757.6104151
5368.39622
25696.53191
4232.926916
2668.379392
30743.35277
527.4940378
4342.189479
26279.40612
6917.564956
10737.63331
62421.97559
4087.076509
30819.29735
252.964072
0
18375.25583
17118.00839
17.4241144
0
12231.336
1346.348511
768.5654148
113393.0498
2035.702157
0
31193.15749
2342.455549
23085.51263
176.3004104
0
2906.014427
9983.623666
62297.59284
800.0059935
171.9781845
1066.634231
0
72914.02011
8467.877012
222.5380464
152.2613464
5129.940542
65.19320041
32214.34154
0
29516.64808
39166.94578
0
661.6547027
33925.39318
0
866.8359783
0
874.3353819
0
248954.1294
15936.42454
2764.401937
2980.408195
0
13932.94798
3863.884691
396.5665155
3442.963309
2022.870099
5301.707681
119.146047
7407.321168
9448.368693
25381.17647
689.6318477
22914.97332
140460.1642
6506.209529
3555.395956
7540.343251
1364.927946
2922.191076
2387.252335
14806.29645
458.9049971
0
33928.65662
946.1167201
16645.23829
22985.12314
1222.391331
418.8328055
7868.258414
21378.52546
114593.4274
2255.870409
849.4661304
1661.774573
5781.657239
25913.1994
792.6444119
195896.2984
13504.51568
6833.705547
58118.63699
15200.47558
678.0920683
17143.52518
103381.8966
9245.08432
1981.217114
0
127805.9926
90161.1178
63854.7586
2778.252551
3578.358465
6283.875337
143769.7845
657.5427276
44895.13927
14313.24405
52.45860222
2761.134038
4209.116646
328.5332223
1803.114035
678.4688292
245.9148638
16577.85627
55050.49848
14422.1196
25948.4619
118253.5146
467.5585237
555.3421503
68.52495861
10204.14606
8162.529957
5192.344192
17524.87907
44255.5599
35763.47127
38743.59529
19959.04935
2680.356574
11019.00827
41484.21361
0
0
179982.6376
1837.846047
26097.09103
53890.79298
0
201073.8305
10507.63718
724120.706
35932.07955
65981.83278
1357.437443
7644.732494
19969.09783
74.25843907
117.3277866
5048.840549
519.4561314
7070.10362
3387.69762
186.1660306
2663.189658
30785.16741
9424.147162
6682.0983
17642.65929
57105.20351
9492.396684
25.92785542
2389.488241
11407.48484
46556.42211
1408.435353
5848.488238
21620.44262
285.7311213
5352.435366
12806.91535
228.0402064
25593.54374
3983.414404
0
10214.29975
274.3312409
342.2283376
20025.41038
346.9330539
12832.10867
5.684321142
3043.598492
5882.081091
71122.12692
19379.65417
14653.35026
844.5000941
1411.274833
82.27174076
54756.58794
0
6194.604958
18675.61696
467.6550565
8025.631674
12901.54135
7993.21589
1740.616191
32890.36017
240.392846
7271.890495
7105.188397
17398.51156
0
0
130932.9365
96072.23247
9642.677111
14513.13956
9626.31189
2262.782685
2920.197888
6087.09743
899.8911771
393.5537724
1388.745606
454629.0535
167723.2349
11453.0724
2132.442611
11423.79301
1024.254925
43207.075
914.7052179
36739.34469
496521.5153
8803.756601
8795.57355
3325.046079
2550.254126
127292.6263
2048.747781
17838.68259
3518.95389
20967.53872
2926.790868
14964.30001
1064900.974
45406.30226
0
1508.628548
1568.021744
6538.670141
17794.97324
137422.1166
12953.54027
1489.97164
12775.9495
117695.5932
13685.62348
38336.02825
305.2834364
45893.59379
0
3957.069836
585621.269
25.61694992
14818.68303
95477.87257
259898.4081
69608.54076
1807.352526
0
7557.549631
9935.501468
1372.010058
7922.182669
13222.26081
35355.92081
968.2283412
5339.945515
108250.0551
42654.64043
12176.32855
5464.174577
108530.2581
3229.766605
12314.32344
0
4459.431805
429.2896302
1938.648387
10780.48919
14031.565
3913.264043
635.927083
0
19368.62255
2056.958303
29001.38231
0
0
13523.44056
58527.01662
20873.20831
4419.745959
69858.60495
123762.05
22024.67074
31129.64634
80594.13124
1398.965646
0
8353.19878
12001.23161
824.4188331
7257.177697
2763.802157
34021.6915
57033.28799
565.9863186
5768.509849
4356.979723
6129.241292
4625.753671
2305.731135
500.990345
40203.08216
1942.125132
1026.993306
22041.23206
0
377.9554969
15588.75617
566.453587
209366.9492
47811.24722
12509.17442
50707.63825
489.0448466
14235.87317
8027.325528
10697.1748
14590.2409
8086.746936
888.886817
21505.62445
5678.296315
28927.91826
600.1210412
414394.547
2777.453981
1186.874221
5660.026571
709.8254058
7021.63862
27380.13381
48131.49323
7461.075476
10599.43743
54927.50818
3688.759269
14622.6712
3567.196643
5581.092817
903.5750684
53.64740553
9371.79121
1400.190516
32886.6791
547525.3379
1320.854213
1937.590924
5918.1146
11102.21649
14299.92372
18633.08928
3420.479076
1465.716748
26818.55459
9315.590439
25.29644897
12.62942842
3275.20063
0
1572.830851
5577.193724
104514.8109
7372.971161
1209.57947
2582.611038
56880.06936
8009.5014
26804.70329
268.076647
417.2279446
0
24421.82857
43729.75749
1493.339493
9664.00478
2541.587748
433.5143737
28576.0147
23636.47423
22771.8653
1623.622514
145407.0438
12352.09557
68343.44433
5555.016916
68533.28965
0
34311.72288
439.0056348
292.4127165
0
154200.3191
0
12126.98381
4504.157752
22436.46549
11551.71544
144193.8263
999.1546676
941.7983283
240373.8515
56244.84701
51827.48597
4715.493843
0
8915.689908
59791.45781
14596.85338
1928.940272
65854.39428
14883.02298
2443.469348
6104.713702
11550.02629
23431.63949
48274.76592
1193.773958
185560.2206
53726.11274
34671.91053
51139.86716
0
11148.0394
21207.21096
5378.929622
14021.80384
21368.38154
298231.6391
42213.34372
2444.476832
62221.67375
16071.30561
246950.6852
6839.929261
59.83723169
14662.43111
0
892.9238701
5803.773364
37191.97431
191094.5958
1818.776677
3713.281156
9350.948738
1835.220356
527.9366371
11904.84451
83446.81684
124632.3192
7309.246756
1997.166651
125.3451828
89.16319588
52331.76827
9391.951289
80631.50152
9134.291349
2708.217221
8359.401418
13053.86991
11456.65252
47298.04045
12294.51691
1365.674596
36081.76074
32753.76186
8901.811437
0
6971.042902
13873.56767
1049.975553
83951.47685
14028.47144
268.507219
24958.18404
0
1001.720705
46802.61263
6352.520807
3504.381173
54.96010532
299.3081321
69.4224929
421.5918059
145.5102774
9592.835245
22996.5076
92038.37052
37.34416734
12692.10612
20871.53066
186550.6558
0
15272.81177
542.0536355
40516.94805
14942.2321
46756.50138
147185.3154
4894.210429
1519.35033
821.0852984
7554.041149
0
5299.443765
112.9753498
1306.732689
1023.465197
682294.1334
1548.872578
20051.79186
319.4190079
2965.169938
3894.656253
73239.53032
46446.30594
1770.212471
1478.652494
52755.00564
9084.279756
5441.174038
6319.098102
175698.8474
8977.571024
630.8068782
78.19655476
1283.28444
0
2936.265325
18267.06299
773.7436804
1003.388467
17111.63032
0
10910.86705
5027.489138
130475.8279
8997.132593
37375.31142
18191.07365
54221.14187
835.5724162
40377.24429
124876.5919
8721.90427
20270.76617
568764.4388
0
6813.487474
9390.310953
0
611.7290494
881.5943898
2335.33791
75877.003
19440.646
37189.60079
23340.80049
0
6066.925339
48484.27053
329.9771909
5037.66591
0
21748.34271
140534.647
42250.78035
49962.82714
13446.95363
84900.11514
2677.120848
10582.86946
2904.969988
387.1712371
5389.652742
4357.656085
271.821078
140638.0756
9186.351325
39307.69941
3106.951129
1471.081349
3964.900631
4301.475152
18.23432823
150181.6193
32159.04062
2552.335067
0
41.21620514
5022.555693
1886.040281
15690.40832
8462.566125
46781.23635
929.8342391
66177.36332
200.2017146
23396.82565
11847.47737
1294.93573
416015.8175
2230.464649
148.8523736
30067.2467
11898.58599
3459.00411
25500.05989
1248.832354
1459.020853
7618.189755
7601.565418
4902.860681
9602.241494
254.8809977
5687.310818
362.8994662
12652.55357
299.7168624
7759.277556
47633.70696
62930.27225
0
77601.16825
6443.845882
172817.55
0
2530.344352
32777.18982
467.1229296
52530.70558
2446.502825
61678.62642
10866.3273
5305.093074
38.38491677
100129.1111
98646.8006
8685.109124
4.759177243
2733.398875
11519.16494
18455.51875
3757.432506
11657.04493
28376.58956
0
17474.03739
22562.4574
7900.859481
46217.90004
20470.91233
0
5706.298208
2118.303676
36997.05905
7424.501309
1342.177469
1076.009447
99.19728548
2789.995574
2506.957416
828.8566984
20352.87293
23535.12588
0
0
7763.988617
1220933.493
16734.52254
3652.860524
6011.205858
24264.11088
10125.20813
9720.092049
319.0290969
2241.864226
20532.8564
11873.99124
56097.70354
34654.65438
3973.486389
17537.41057
0
1696.754879
51.43021578
91812.07373
615.6053102
30488.71528
4159.318194
0
24835.2133
0
5825.810605
3589.933377
20957.93215
72994.25878
92734.11848
24260.05591
3114.532376
25112.15992
1808.685068
1269.768537
44883.85135
13055.49431
1481.381245
36729.58957
133.6843798
2348.252037
1942.920025
4067.266345
43428.82827
50397.32115
0
0
727.0553286
18268.27806
28317.81676
3772.070631
41061.25203
6542.963345
2154.572392
1551.946662
8125.570403
148238.4255
36571.15683
3428.190173
0
11188.24166
0
291.5114815
2079.982782
76262.59473
1229.037645
327.7278257
15487.21975
9132.086659
451.226413
36529.36328
162201.181
7446.828003
1605.481336
2338.510996
44725.75142
3228.328529
516.4186037
32991.58618
91930.3475
22650.50934
4317.777428
11393.71237
2141.947955
68555.24611
473.6007887
16365.60569
1874.828813
470.4312734
276.6639482
1960.91786
14689.25743
55854.37268
0
224.0168469
1332.735102
300365.1983
32195.48279
181332.406
8443.347764
5463.843313
753.6884855
6171.159735
3854.430278
1162.924595
3310.773308
3086.244725
16277.68533
22861.49724
45112.79148
23356.13416
12187.17539
8009.285291
23323.33872
123486.3814
1328.650972
3852.053698
25014.02215
363618.3386
997.8723371
833.804675
522526.7964
3608.936839
0
10751.75847
81.48170385
70.07775699
478.2604772
2422.386984
166.3699793
1627.894208
310814.4799
99.11985614
2412.458719
951.3486761
2072.811198
1470.522431
0
2875.116643
17688.11628
394.0257321
11917.29424
27980.06656
128632.8013
82788.49183
2165.788066
21856.72632
1854.629722
280.2919685
0
324.0655465
276762.131
1323.9231
4331.74187
784.1548976
4025.58853
712.2827726
33404.80941
13306.26908
9557.044943
22233.96017
22122.12399
6831.667297
72416.61941
357421.0647
2822.748121
1921.042601
24665.10799
44210.67954
9413.280912
4756.259506
6759.254582
17348.64222
5660.015955
20923.26556
29356.32406
597.2016347
74345.4894
3426.053192
24979.17032
655.2367854
2200.120701
47794.89403
7299.359546
6605.913531
30274.13977
4678.257688
36625.2497
13266.61754
199.5585588
3320.677497
14278.38101
3710.007379
19205.99202
5176.03523
5376.050496
7183.812978
3022.516623
6601.255738
1760.169519
37316.45125
178046.2417
49.57976181
2167.935863
6739.857647
1917.827136
24103.82902
10858.27398
16231.03605
10769.14007
44909.41374
2949.994569
5421.950448
1054.826515
3346.865841
20511.2547
127.2505414
41.09967626
163.7861661
0
225.9346009
579915.4133
157369.0946
90489.8402
5605.892326
7196.017179
4486.845726
431.9103113
1501.98073
154388.0637
975.2249229
2031.429724
279419.1638
36832.34561
33801.29942
32003.65874
980.006999
7733.757558
81010.27769
1699.546087
12766.30845
5343.007755
77289.86516
46594.43543
0
83173.95347
1052.188431
64.74846958
20976.42791
48106.15327
14761.36188
1073.373575
26634.17925
4805.516567
97302.0904
100845.7508
56319.83213
10025.58159
52346.97077
27640.90619
4654.489035
128383.7123
473.6827564
5277.270036
124.1090479
5015.227365
1172.154736
13368.44698
224.5974129
0
46.97186981
131.2583472
699.5723252
67239.35184
4980.457903
3978.788701
61712.45968
2445.712672
3587.56181
6404.255132
8335.066987
8639.872522
352.9051135
1413.127417
929.1526035
1612.736267
19200.66186
534110.4846
37111.35154
23210.96394
134.5898878
11976.58046
6962.706364
4470.778279
126528.3185
722.1174208
28398.24829
201.3443619
27205.13741
11458.41314
9340.734345
198.1432933
14053.75037
693.9356206
30.56198777
26131.91491
24469.01455
37379.1375
1904.569642
2028.558642
0
35289.00984
0
2656.082677
425689.0045
1494.637893
115883.226
660614.3121
7085.127665
1647.572052
2404.32746
15580.55124
17787.00002
331876.6642
13752.01173
0
5483.760823
7904.695421
75380.90816
29076.23206
7667.55911
19692.70222
8240.294987
16692.35863
9172.386964
596.2155745
18510.54378
3245.523905
188784.109
13837.34628
28.40817141
1456.078386
1586.285953
20872.86893
22512.37111
7745.201035
60644.65434
10785.83166
0
70760.97074
56062.15805
11106.51773
6832.533677
33271.02823
47.92374575
1141.838334
426.460471
29970.95402
260.1186711
21223.32635
1884.625735
9909.982856
6073.511874
36077.93994
122000.2503
91.10712898
20317.65135
6513.097543
0
115578.7868
4738.754144
6321.414345
30767.81578
282.2529049
5295.643009
369341.9709
1835.644269
16004.14863
690.5755455
1568.117903
251.2129344
8566.972762
6706.595553
1170.281299
14676.71577
25435.05864
4129.534066
31397.30145
3162.516189
9334.311187
226377.7415
22531.48215
1249.864998
8946.878702
213065.5204
2368.938828
3177.123217
1132.050084
431.739333
1311.076302
21076.46258
9419.356486
4589.614384
2235.08447
4140.688171
5053.528466
125.4196238
1218.863067
196213.1373
18025.86823
11361.90223
0
102882.8089
1409.593993
29208.82586
0
44.65587836
1925.345661
3158.734483
6914.46027
24159.06494
94583.70843
30849.50559
113873.9927
2158.413021
0
238271.0621
139.573438
1516.056163
10111.22839
3477.274609
7727.816038
12375.55259
1223.656436
115958.6548
4059.399891
262468.7024
603.385881
53504.40552
135.7034396
28668.75962
1217.632143
783.7602125
22985.56152
36318.5719
741.3883964
10667.43138
49212.44455
27.52253648
169.7566683
0
705301.5682
2472.521742
194.9531245
34861.09239
2757.026556
5864.64336
53205.50763
18357.8944
232603.7133
247.3281712
31424.60389
11387.64114
0
128.1066058
12475.37462
9853.810173
8063.622604
8005.628388
1068.946863
5371.356231
219.0116018
87788.87598
44796.37745
55541.01515
21357.52309
2345.652592
26134.48528
1465.718425
13198.83906
2829.218138
108.0998829
8207.601996
339246.592
0
24786.92601
10675.25087
51098.35673
3784.375307
0
0
0
215.9026466
33.24247532
0
3823.395379
6925.514684
2201.234399
0
42.30105324
3022.606131
9276.0701
14033.29904
52349.15218
27999.85002
633.2304612
11767.81296
2644.308544
0
2723.141997
1334.182131
366698.8372
9872.12502
9418.381218
5068.238691
0
115.6545039
8446.98108
1271.476905
8531.437226
916.9392287
70107.69353
398.9642512
30243.63672
83515.56153
2050.459688
1200.4515
1889.846508
4426.121172
2911.071959
0
243.3617215
665.7937149
4243.489362
0
3893.484622
13845.93105
6117.620098
4591.014467
4990.912588
0
147462.0307
0
319.4706828
5174.638483
11769.84838
78171.33972
253117.9155
230.886894
5300.664712
151586.0055
0
54806.26998
2561.933627
54216.70324
75936.321
11501.01203
12629.30357
66580.03742
22661.27215
432.1793697
12083.5129
33051.95326
12.74666509
3956.014532
3551.966787
0
3650.606106
13383.81632
5692.070525
5003.313123
1793.324449
5213.76852
22782.71818
61792.66687
206268.0963
64272.29249
5832.300602
67.75759344
30440.30212
11006.99829
91381.61807
90889.51719
157861.9302
13052.26584
1607.18861
0
1501.014789
5726.840069
2063.183316
40356.06181
2366.057034
4899.040905
43374.73528
1604.658258
5709.982205
895.7400397
23673.71237
799.8390022
261051.3451
127365.7359
2530.617914
0
18494.35127
20085.758
160.2860097
31903.99159
4917.836878
18.92220805
11.2024722
1522.211378
1114.850986
0
0
66.82832192
10017.82765
47277.93891
9216.660591
426.6543366
97087.33896
28677.90147
2179.45157
1229.723835
6126.396197
0
0
108973.6807
1782.9783
20965.71502
0
291.9098542
18847.24101
0
342.1365338
134676.2668
31.27222116
158763.1594
7662.599948
3922.876319
0
195319.1736
1235.081934
7000.975464
2869.567517
10372.54624
67952.19218
397.0141527
11052.66734
56918.43263
70663.83799
372.9941954
0
2129.972519
151322.5266
0
236890.0263
51670.25817
1091.543127
11716.83715
159834.0421
21677.06024
193.3862224
0
0
319.7890054
2201.066608
30659.24765
0
0
11255.19597
80103.67144
55617.94023
1462.720932
42155.97988
801.7762763
5371.618438
63654.6003
56.24656635
1583.058885
10868.78015
9661.225133
2860.669427
0
112137.1101
30975.38733
93788.10693
47982.38702
30514.81817
0
0
354.0418736
7088.687559
262460.2703
5959.607933
30752.32551
27168.50837
437.3150979
0
46379.38072
29171.36669
11699.79868
188.0441841
9168.966914
89927.27575
0
6206.707765
7934.763859
215515.6881
849.7772718
1311.480584
13799.40921
13236.50304
0
5689.911829
756.1820052
117.9770564
113658.881
3644.594962
72100.79431
156.0162311
76875.70037
7095.768575
5590.979265
14540.95556
2103.639431
1824.766459
34174.91513
3024.732863
393759.4571
1247.361785
3519.219655
7625.272694
34916.23684
11538.5783
44576.20621
4951.836355
37520.61244
2030.829562
42730.17228
220.5225915
1142.844818
0
27894.47692
0
9056.049512
2966.718465
18242.87522
6436.878149
7215.598674
1546.123024
0
937.9071694
18580.40097
20240.98377
21701.03512
2748.338206
22556.86183
93826.97463
611.0156569
1119.552499
3514.216318
683.6857883
49083.05663
348855.2515
3575.052598
37637.54488
49901.91048
6628.351353
16270.48795
528644.8274
3086.65159
5710.953128
997.4165354
2296.224571
215.1394685
4910.580213
31912.69918
7902.543226
0
101673.0522
5856.462568
32052.15735
0
177.6136078
1375.538571
0
1574.903111
113.1771438
8144.689398
0
17235.8512
25048.24052
56488.69128
723.9427606
1497.218834
2092.594777
51.86370278
361.5256229
403.993949
830.543275
88523.25077
56376.46399
203.7158282
9918.139731
30639.3044
344.1975979
14169.23136
18191.91092
81314.23619
35142.53406
3945.904013
2165.837248
1050.734015
9001.988065
5912.916306
3496.555728
120736.8544
3337.309301
0
13130.12449
8135.638831
3437.630361
58099.21418
2754.695931
2343.317126
4858.570249
28701.1762
7308.887744
24.54949478
5346.688623
1670.914712
0
10835.95552
110174.5261
16805.27129
765.5424574
0
106498.3361
0
1088.075925
17822.92342
675.9210933
2841.181759
250.1363492
336.0355236
54799.24793
15708.40303
118.0386631
25164.33909
8291.39377
37.57580741
24275.46813
25112.24849
17767.08377
10383.47892
1351.689685
17059.75607
43370.12845
28724.95853
18484.66837
16688.55649
17627.42011
14624.26403
22326.44041
651.8757608
18281.09854
1641.800048
1661.775371
533.3990888
42832.01632
5278.049213
15891.03112
6131.903716
4491.045007
29005.79283
843.1392617
41321.24043
51255.07264
6240.107558
30114.07556
110.7558072
25082.88286
33764.22187
38597.88781
201.9571645
14161.36365
113.9340434
1508.643619
10544.06753
119.1281675
11557.20855
2280.082283
43201.44299
64812.46145
16123.78498
52.36176225
152.8487667
213.8893954
6773.782021
4790.532268
1103.69601
1791.335892
408.4903066
1100.287204
162.1247955
9050.846869
1519.353228
0
1129.849116
5970.479104
1217.730767
441.6202511
4564.398125
30477.31432
3332.695096
2309.047885
498.2312559
80.77526441
13195.59977
4814.08406
1260.957005
3699.060606
0
6281.022467
4791.528752
43.99677684
0
44685.4496
13.00593014
3395.094716
1077.732166
14053.0665
982.949993
1787.941435
1560.32865
14692.76799
9295.212062
126391.7322
45716.91828
13368.01454
21816.78753
1765.599898
2353.985432
0
5464.335339
15309.41287
1733.734537
1836.983333
93.07199012
1354.68359
1989.223335
7456.828306
7230.104292
0
110685.3564
141.1430381
46390.74532
30.56199409
4784.733467
331.8188727
17582.40185
7836.207484
8676.75312
15148.04158
3788.06068
188186.4837
700.768701
579.5516009
5378.142996
3772.867678
112714.8384
7136.514312
93134.85096
18795.00433
3556.699916
348.6785776
59233.99516
16319.1653
13753.91392
2484.716047
1043.220104
2236.864166
46292.18569
5269.070387
72.34018578
0
0
20348.81138
15625.88453
451997.6607
17.70407228
39177.02724
119.5761819
43304.73335
94094.30653
17010.62673
56665.71606
0
137.3792541
35111.99815
0
58842.07048
45401.91966
1463.605816
28695.59162
73629.85658
8728.982279
261.5642124
14297.86218
6708.583503
597009.7778
0
6345.268002
3834.317631
51793.10775
965.2040562
0
83792.32153
31832.72276
23.80671154
48994.28228
7143.330614
641.3674543
228.6757759
0
26216.79543
21553.07918
16826.22459
583.6626253
28545.67833
315302.791
13662.0215
7369.401539
409.0390298
6278.443756
9072.266599
12911.92469
5739.592261
5594.177609
692.7772929
83810.75936
745.71602
8244.687308
3271.17626
157.0629769
5798.423667
51851.33233
1640.979157
9425.991642
33395.20006
29271.79624
53681.70631
9605.734596
8385.843135
43.53266467
1642.31217
17332.99959
954.5488431
495413.2203
73992.94499
29303.2968
41449.18209
9697.381233
40552.37794
889.2374838
8395.409417
2196.176184
20575.82062
51.74693556
1456.964107
159.8696975
2174.622591
6829.10301
120860.8898
169799.6388
1163.668034
55284.27481
127614.0654
477028.8245
3324.141312
2777.393702
27360.01447
134637.4565
257.050024
133.7946574
6511.320824
17460.04377
388.511027
10639.25483
167.5533708
2611.553097
17281.14978
423.6575379
0
112016.1099
7423.38473
2788.977692
27389.34705
2517.882111
0
0
0
343372.0105
3288.538691
5472.683725
102.7908923
8305.863037
28726.03569
177940.4856
10826.44929
74713.25749
2654.246614
17143.12754
203.6362346
1775.856908
38814.34028
0
14547.68022
79477.3555
1957.517826
24850.73009
13192.72294
377310.7657
0
2108.936954
50326.71413
0
17598.78843
4385.067164
437.3147787
849.0743681
21168.90086
257212.5023
986.6151955
4231.358909
497933.9409
85676.3939
16327.07805
46349.39679
3917.413852
2462.164642
2920.785097
29369.78254
14435.64061
749.7989583
200.0777106
8702.712817
15733.89848
58198.54397
413.0985708
1120.230109
31188.01093
4550.93778
87.20196941
21937.00685
29762.76886
46726.6045
583.2618356
3496.344895
13787.47347
140.5518609
517.1285366
664.3910466
19509.52536
39938.11651
2887.797257
946.8371012
4164.969544
10257.66077
129167.2791
26362.60816
16877.03426
0
2096.255334
4596.504613
1384.942146
3.568777451
1590.765516
16127.56154
291808.9629
3316.465838
20842.75295
17828.94916
5199.960168
162279.682
10461.60851
10186.20108
7039.095472
301606.0255
0
182708.464
0
34223.24652
0
180203.9253
0
39.62644949
23440.96396
17403.63575
1133.909806
5834.744184
18213.31513
34716.23034
31.03338119
664.6722288
232093.4166
390290.032
710.8351323
11656.46616
8939.46942
7634.960347
12873.39355
4651.101531
10244.19318
392.6892803
78.86616088
58499.26642
20860.21668
18414.00701
73123.72319
503.4112886
11809.56533
23354.13822
59507.28223
7332.103763
3811.222817
3751.081579
5450.563501
22703.20383
13595.07275
4207.307063
1749.039735
1681.298876
26675.59879
19492.86661
752.8558545
20949.04463
4664.317562
8344.693787
0
9445.491469
7495.73
1677.381939
134023.5555
3225.790433
1334.185955
4036.677103
1037.886658
28429.99196
6287.07687
72898.82474
8810.36799
6675.906278
684.9806219
62250.78175
251.8408446
132862.2317
4480.288605
2154.605284
1723.154733
135313.3566
3499.735754
3153.621787
149353.191
87162.25261
4831.766037
44.5319043
11168.44042
0
4998.736504
2155.026253
966.100171
52948.59856
14493.39458
136754.2743
6561.107393
44400.12743
5005.067945
41.96806724
11756.55741
187318.2984
0
10013.27464
125.3249083
124364.2877
49007.72562
921.3918131
26.24142278
40945.75193
9493.468097
4686.272914
2581.973515
373.0322924
529.802185
62656.63979
156664.6864
2822.343531
367.9826565
5122.248116
254.4156426
88.11938356
49637.41757
49519.55928
5556.734962
9859.22842
0
7740.258092
12654.62147
28474.02193
24002.07029
37360.44894
88655.62997
546.2177736
30194.32459
2822.857157
8559.193624
18077.0582
5269.135897
5619.176763
5549.085753
12424.61032
239.1453357
23462.04205
4320.261286
434.6725139
82346.60126
1361.974469
1602.05347
24468.47652
0
32210.76699
1691.706107
3343.542547
40.15137929
2478.651361
28.83187643
65481.938
1058.03835
1308.748949
24146.6051
462107.0084
226.1924723
35920.97831
8299.943763
126286.8333
23933.44372
74860.00007
1501.939887
0
1830.953572
46.84540638
309.3004287
3470.934683
9366.939262
5975.21586
17972.33702
440.71825
24838.04772
4762.568014
429.4794089
0
2466.897442
0
6785.818203
1761.883501
1547.937357
732.2402477
1567.575738
1375.535624
137456.9063
8368.056258
33636.43575
146076.6214
10859.13261
56.94813846
10389.57624
105437.5858
43431.91717
166358.9186
1254.697256
41688.40478
16484.65624
7419.350079
1846.551363
819.6399663
11459.57134
1463.115687
64768.61389
13884.32185
14316.9482
26879.72739
3200.379325
2086.831925
54088.04338
4805.059239
3643.789791
11461.31638
5125.907123
10743.21283
97538.31476
803.3630666
10734.54273
25874.78229
7461.209688
694.6682354
10614.56697
1505.142768
6513.852919
7334.234269
1281.753352
6729.969635
5334.497131
2894.682848
55.48813658
152244.622
0
398.9849147
62086.90017
109889.6404
2983.071022
77743.98133
2215.418573
1577.222472
89.73975579
154345.4658
21748.02923
9937.456873
137.6296531
12500.38485
367.3910348
0
14485.49999
0
988.8259291
25166.2616
227966.7859
12007.68213
1296.062063
22943.71554
556227.8034
18438.16617
17716.54364
79119.55614
4072.253882
7371.807685
23467.22718
13080.862
107255.5573
3890.284396
806.631679
1654.653499
492211.2639
30955.1982
142.7788889
398.5845745
381.7678499
115.5386658
8448.073147
15159.11637
516.1744261
14340.85264
701.6834332
3211.459372
20547.05057
19754.44569
186.7578605
11127.03857
20753.62991
918.7610415
2598.466392
24075.02404
5823.190733
44025.78717
6614.180471
60325.42067
24.0300664
1281.085801
1145.290686
31582.434
0
9120.684447
580.0491256
3578.63931
32734.34186
29380.16407
98.37533163
5628.209184
447.2260811
233.326102
16.24190676
7560.471334
0
2760.169379
85.77385132
16.84267522
0
12984.83746
261368.5526
10516.55979
913.1251962
2335.531814
130658.084
15893.53174
75290.44254
21085.25011
0
5114.850592
30748.91068
7701.119328
1790.527565
26192.35666
222.8819756
42.4069865
77106.01571
0
12915.90036
9360.438029
18851.0733
5875.899528
5430.272138
151928.2968
105210.1851
490.8277467
617976.2633
9477.466875
0
69152.14918
163220.1007
16990.91214
38765.5106
619.7268507
17.93918784
55923.37813
386.0302768
8413.117291
1908.681049
0
0
14.43091871
31019.83499
48331.23858
837.8882254
1467.265525
31070.38067
31462.38805
18239.34443
2552.652231
11041.73109
5717.409141
698.7369575
19109.76001
1096.405137
235583.3278
0
0
5710.653062
57265.59341
52.77857725
78.86618315
21358.65463
5962.891772
131584.9488
54389.12451
15964.38584
2651.343755
24624.96219
0
52642.29745
23110.06187
10105.59269
458878.8228
19682.92491
5722.457371
1311.079492
19097.58235
14801.43253
6347.977684
0
7745.640112
0
13505.30002
440.4850849
18730.65273
8918.86818
9418.452252
385.2362949
256.0539466
5396.223054
51.72711096
19464.20058
7007.463733
5698.383308
37393.94527
250.3478559
32200.26791
652.9553857
4654.475758
331.782663
0
5450.6829
38240.21951
384.1997146
4211.515075
611.1335829
178.7528082
10567.09421
11949.47337
19107.8843
31066.82125
76447.38483
14307.84275
0
11125.18372
25034.05611
4243.510954
52479.47161
78.67144527
34048.81829
9430.125178
29413.49386
63283.56785
2774.085159
26219.87977
5799.698648
28058.96141
3229.171173
68345.5983
12043.37724
15437.61623
57036.52692
62175.80963
18184.22634
210635.1559
16472.4613
126.6514053
428.8005683
13625.01039
9866.629574
5032.256833
198.2807048
11614.90101
98906.11346
7568.161557
6213.971832
122.8195682
1455.646734
16171.21316
0
962.336797
879.8800822
2495.675355
1951.518712
3216.058685
5593.96071
1974.270908
40400.16301
18.53303724
216.7538942
4654.143135
27038.69531
9550.028971
859.2121723
4142.072119
0
5791.460831
2343.88554
14705.63036
53.43987666
585.0401118
220.3120218
611.0633527
19971.64225
1504.748037
11338.7519
0
20472.85073
28578.54113
30432.76587
3068.508441
29898.98867
10837.17116
2170.349605
194062.5626
190026.7193
465.6275557
81.64251687
24821.43118
1960.907816
1233.919757
842.9675439
134448.0209
993.5143646
18335.36347
892.5455525
25319.28619
30667.65327
3886.189105
54440.00776
34334.60554
9796.082505
2621.750469
15498.0564
2859.503218
0
54424.24407
8881.574025
233472.0068
311.8405245
25078.49895
18758.22691
4287.875674
1132.048714
4373.141783
46.50084531
0
44167.82808
35.7563021
0
68309.99236
17650.4922
19299.54967
8422.405945
6767.737973
751.1567535
1494.498797
1468.368981
1780.60807
15035.55091
7900.540375
342.2415665
1361.626205
453.8922869
71148.90318
0
2646.625572
227133.8572
3332.712444
310.2595981
3431.311821
11020.05809
1996.424424
67575.26175
6956.628499
6864.042494
13938.47946
29.70436603
1535.12624
27114.57528
22017.95955
5207.532554
26090.92024
17630.39319
0
2915.324256
0
76666.92123
4118.807547
472.7064091
225818.3944
6071.139784
715.0618346
23573.55891
5819.319175
65287.3722
278182.3759
9980.823949
13426.75245
10242.35612
5729.72387
2510.773495
29296.10748
4769.18948
8058.560196
316.8239405
36004.46521
0
16460.74944
7941.871009
3446.730643
389.554435
52493.36829
7352.89494
34673.98084
6970.522137
57.09294365
4211.80771
10398.52993
2500.231855
41927.32147
293931.9934
52685.57263
4980.119041
0
1462.200574
253.4402113
1390.855476
478.5630754
26141.98478
0
17229.66025
21243.94728
50379.18186
0
36420.13987
425.5931836
0
3255.793828
9822.115769
3426.83263
13443.49295
3093.042589
134658.2696
676.1919697
12047.71169
0
30927.60046
6781.417783
33.70517291
25010.87344
18782.99342
15239.46721
2462.056605
84.28263434
1302.913485
1778.428643
36274.14001
2431.833289
15238.04758
4004.169968
8995.716279
3305.966154
2807.529631
30772.19862
1453.249507
6752.998747
0
6523.703736
3543.890905
18526.67459
4709.780762
37036.12953
10409.80052
3581.77819
510360.7112
11021.50093
49061.97728
2625.394919
6942.94318
0
33698.20397
124451.7959
14555.51255
30901.5747
30420.37211
127700.5086
8028.635571
0
590.3531067
3268.458117
12879.25482
32770.55036
13456.39548
0
10809.94954
33364.14625
44833.15781
16066.89203
3896.931672
5794.109338
5418.011962
102.3905677
106105.7415
47.92374766
300.8824952
0
60980.03176
1116.537443
10158.72733
7011.934299
22005.68405
21238.40979
84.36135685
7465.970661
0
148.8287722
9069.332046
21335.69953
16136.89074
168574.6886
4871.793082
84931.68233
4649.924386
678.7114096
58032.05717
6878.759812
10718.87132
971.8879064
8788.978257
10505.70116
1181.18202
13377.66329
557.6015916
290.3624798
6739.870105
1329.27531
13779.23581
19666.90654
368.6038711
12852.79779
0
28434.3964
9127.965083
37237.56807
50948.94306
12364.56392
0
1937.539582
0
457382.1151
894.833344
639.6052054
1698.093128
999.9572516
3117.97982
971.377034
3281.688899
0
413.7519589
6136.178455
10141.82007
2510.947088
8408.490074
32608.82497
57108.62739
37746.28756
13047.84223
0
157.863505
0
1225.355407
2752.62419
55505.58624
44385.76031
1300.428789
2464.44678
14540.68157
936.9130582
2553.573186
34227.62996
57.09294704
24788.13536
19.14124162
58499.14962
4960.749476
150935.8814
734.1457782
2706.749155
1026.040771
9404.763315
9762.91495
51246.17861
60258.30237
9209.28522
347.6617706
208.9221235
0
0
109930.8265
13523.95042
788.8041591
10421.40511
12971.089
33980.82485
59.83727881
3550.234749
0
29806.79438
6153.476224
6670.454933
2044.884012
0
2454.249723
4332.477802
7556.726736
6022.036638
11525.25549
2037.231384
1865.207872
2042.911698
9538.626187
2561.674306
3086.857752
244.4133855
6293.146497
79.13998982
62260.20165
0
10852.03917
28.17936295
3946.401479
28544.1918
60057.18899
1270.53458
0
384303.0148
19790.1935
28435.0424
326.5775296
18400.45066
9826.127572
20178.87254
7141.660844
0
4467.789537
744.0947495
0
18899.56236
76842.19711
40.67017772
0
10030.32291
36731.82793
389.0881944
2242.397666
32533.5779
11471.7435
26092.5294
13682.83661
2725.332379
61.12078118
7089.922165
398.9639119
77350.41073
8853.414363
37115.97257
2028.669118
74.88365143
8269.081146
2464.265401
1790.815641
15582.2794
38634.04896
662.9827232
0
10815.522
842.8819201
4744.363351
255018.1879
5149.317003
0
4675.005117
0
14057.39859
996.4399064
10533.92212
6745.723911
40.24379682
5083.502646
338872.2767
3489.272907
1230.692416
7213.548861
2788.885202
245.1494555
14005.30665
41150.32812
0
40239.5498
69.25062067
1619.533058
17866.5203
12501.59398
2864.677551
0
6402.932867
7914.976954
84029.59584
3857.165134
220912.5942
0
3158.275835
87076.66011
101777.6335
13600.94061
3761.828592
11196.50036
26260.34293
19791.06775
2046.719174
1038.974653
286.3066628
0
93252.98211
17681.55305
47059.64248
0
17331.51032
1664.915104
683.3368354
23859.15628
3827.287428
115069.0747
1298.267008
3629.346845
59949.41739
33067.34521
19789.57092
15832.32821
0
361.130033
6927.893999
3016.470408
16770.01781
792.7167098
802.8182623
0
18502.59562
30310.86171
6951.565524
5196.154328
22143.77415
6277.619094
22430.84863
13160.08992
308.6302153
1393.680044
19354.88297
116.6730483
0
19406.36923
1339.153915
2836.770638
2601.713223
22017.97631
31203.86819
52524.2367
601.7500943
91526.02064
13176.83328
0
121396.4454
355.1286649
102922.578
15635.75822
44077.08007
4369.239178
0
4775.239318
0
2715.610752
21016.24973
10692.04239
91323.59502
0
4624.911893
172694.386
4773.952386
6875.974722
6035.839465
104291.456
6456.525756
13290.84896
8684.205814
26254.44589
11331.20524
24777.61944
5709.295342
121.8535508
84875.94312
19976.15379
8995.032705
6007.032236
262.8111756
77.32624546
132.4677568
18042.4325
2700.420002
2531.430808
17751.07941
221.6170498
641.341829
119.8600155
16276.23354
12839.85112
82856.69184
320.1647976
91.5807015
1707.392989
338664.0087
53054.90903
11193.21944
88341.71579
127021.6052
10247.62188
2657.476689
6993.401758
7000.309351
4166.558625
7679.286323
45632.12718
94244.60657
13270.94034
164.6741353
2681.851161
879.9029066
5033.101895
236352.1072
7711.398831
74601.24253
109.6853023
11314.42687
7801.136036
7559.294392
26295.27459
17945.45621
16172.41422
18688.66018
3662.129479
169984.4222
23195.9935
0
0
230.8869179
9353.230707
6866.704024
12799.7021
16181.40168
93.19375761
16511.87934
11078.79639
73856.50042
14183.74106
98.37935269
13953.70576
2314.609569
2358.917827
33212.25898
21042.37792
12191.09836
17328.16977
3013.982081
11466.19245
338.4457989
55431.95261
66.99634674
22229.50628
32197.15361
1454.176023
16228.95051
40894.45309
4996.435338
818.820162
6060.299064
601.6603662
9727.247282
0
951.0947866
13555.49924
0
8922.306081
1659.940209
41672.40788
27.56518093
47697.56569
26558.33067
275871.2038
5305.30239
8592.580693
2042.978941
3756.129159
0
26612.65522
15005.80515
42660.85809
3359.13109
179497.5259
22241.35944
57376.24857
61980.73427
10507.10558
1397.883783
1326.717166
0
744.8156516
1401.00804
15027.00621
0
108.0440951
69270.65699
2906.38765
3022.517285
5380.220599
898.2530716
6269.484445
1186.329601
0
1672.539472
1144.14857
1113.427536
9268.703167
66612.9172
2475.69711
103767.5902
81759.94422
2537.296879
2185.257241
257.0381112
9098.397618
9879.518833
31585.90279
42589.75843
24089.78594
3079.507321
3999.496551
383.2507851
23506.72719
0
11052.72098
889.5775533
5515.338779
9600.223823
5464.981389
39847.88695
30473.26412
72147.91602
6307.020613
1160.547609
13610.3146
6325.880226
434542.3961
1622.900678
6647.143942
42850.01289
63414.29939
7630.406115
3924.012408
35230.9337
97777.05606
41455.46531
24329.58101
8.941852813
91.94212803
36833.75632
35402.43936
1929.45693
42406.44697
764.6580057
0
0
8330.173593
1422.894739
65485.7435
408.6986436
174.5380045
14747.7803
3734.076016
70205.72799
17317.86489
2236.501083
25668.99536
0
0
7484.549111
41.68468565
231968.0687
1056.157022
12692.91594
524.7713339
3502.112786
44707.62642
2318.772627
7441.565917
0
2002.600862
15003.72719
15451.0058
727.796464
8590.375038
1997.167941
655.8884901
64438.33976
4305.816983
0
55181.9254
9708.369366
134.746837
32044.11835
0
1856.497747
25133.03339
0
32581.66559
10073.80645
42888.73533
5533.349586
6437.63453
84813.0148
26375.41485
144687.7315
11119.42875
87369.79995
3374.806124
4754.278894
75808.88705
71961.78347
197395.4018
1647.832092
9545.60835
63942.55712
32.414731
1301.209045
9295.636681
650.9173711
17778.24542
9001.246325
2987.611642
7543.651488
0
16520.93172
94828.18298
2138.949118
1600.735266
31644.97773
17955.80966
1103.311701
72378.65142
27888.60463
9103.768769
0
19902.34238
0
7112.383487
0
12732.98121
70.26674728
71604.15205
543684.6315
6512.931005
4086.275016
8575.227244
8891.234986
769.750066
4022.756343
182.2023263
27033.49164
66002.58851
141597.8959
6572.89077
3585.785124
38809.7173
0
50.36119779
0
580.1281264
193.3868238
0
2335.740745
1733.705397
11680.43396
23491.65407
2687.672565
2403.960704
36236.61535
1757.697308
54.95530122
114993.8959
24620.2004
25751.91048
13934.14021
4389.0386
52547.47123
133.794638
4938.266723
896.0598666
21194.44682
4559.542524
46272.98336
1209.744654
0
40.53895261
29000.69945
391.2212475
7164.751265
1765.657031
45986.48958
16439.14498
5366.122165
1968.214413
18100.49639
3008.555727
46551.07478
19625.47066
1805.119155
8129.948685
31421.43569
18538.48405
7786.594806
72663.76385
6586.007075
21168.61698
334.217646
1319.344438
32857.74699
54019.79042
11638.52412
7593.879516
51406.19603
45074.63549
25222.1921
11158.60457
7788.498609
422.2566864
6004.605139
16890.786
8073.850078
39334.67279
21687.77186
4192.189581
15701.49726
13617.46606
213018.9387
163791.6484
0
3957.132171
5745.423115
92.17781237
16203.33482
53824.35987
8596.378465
5061.571188
2869.004541
30805.04705
25023.73602
15893.56844
6720.819228
44.58489867
9809.928212
18232.08529
115951.4404
2064.005154
12809.27592
1831.123859
2942.009544
15272.34733
44067.07056
17665.58903
7729.177546
15696.81305
0
35463.29555
39417.97165
10886.29834
9586.004569
158.9994875
18224.76695
2282.912754
2219.725971
1399.904212
2397.01982
6493.962945
18238.07393
11319.45621
58121.48846
85999.79152
45020.31387
12222.61267
2673.650177
15480.63427
4189.532974
1610.560053
27872.75561
21139.94742
13244.25014
660.941816
1712.638335
31925.20397
1197.300846
15588.47938
1852.021818
0
51047.35771
389.0891114
1746.564244
108.8730372
72618.2769
41758.40912
3041.20008
0
15673.39998
1551.523781
794.5443485
34974.40653
20916.58624
0
2551.894197
0
125967.7531
30398.54195
24958.65583
891.7248399
13045.91637
18741.00429
18584.47042
28140.98919
609.1463467
403.1246417
9483.832579
21701.68437
0
8828.404518
163.2014168
0
1782.277141
7520.644573
1274.008656
14.92095879
24500.47482
12376.39711
232411.4279
0
52784.59141
5705.197326
745.7813331
89795.21681
10381.35568
1310.21437
59009.2529
543.826213
155.7598948
4257.451464
897.5057901
31146.89144
11582.13912
16933.34514
55.55556718
6516.446351
9.846436014
48369.62958
4761.925109
3002.724469
0
185044.44
4766.587877
1331.205906
7489.649768
11569.83448
50501.85009
0
30744.24637
201359.3359
299.7780372
852.4411541
4453.340501
7890.048859
125686.8101
3669.155206
2129.500552
9432.179816
2602.536783
44067.90827
498.3852062
5426.904382
101160.1276
10251.5004
30803.40938
3569.917167
0
59320.97612
12600.19917
7076.58234
3287.83269
16859.58526
13803.09917
21770.81182
79301.63826
160.3014609
53229.79785
0
0
4149.028685
7584.082154
0
36202.88423
1751.308287
11710.60782
11284.8876
39819.33328
0
7989.209414
4832.968703
3087.735784
367.3917249
1765.6619
10.37283935
8.153774212
549.820537
211354.8979
38934.72525
112.29923
112834.5619
37456.35726
2779.589658
3583.297775
48342.62282
6627.359583
29.28218572
41261.12574
18627.00423
47056.17205
0
396.3037791
109593.3698
2577.310423
12687.749
472260.5373
956.069326
32.72036833
21525.59032
988675.2684
14380.7021
818.0395706
33460.04454
0
6429.602109
6762.556563
47465.33686
14230.82768
258.6778014
0
2280.016583
0
277.7905392
903.5760418
23119.71729
18627.16709
22686.2039
567506.3318
677.4825975
15385.01326
8323.553324
12740.17132
4021.76892
23408.25344
3569.197732
1981.196152
8471.971055
13533.3866
97.76504875
12662.70828
10873.34254
9433.497059
101585.3564
14614.56903
20993.6187
19922.13521
2068.044707
0
0
110936.6155
523504.1632
3004.641539
3770.14811
28.86435767
6551.930935
30407.85583
10135.84345
88916.79474
8724.960332
0
3692.989912
2511.587744
85.16912777
27897.96112
42039.92465
5450.662965
0
10899.08269
4769.29745
8257.454492
5034.082239
2648.281041
60003.41509
1632.091758
1722.938597
1477.321684
28224.38477
25808.4012
2860.26067
711.7511948
250.6705918
46.03307632
10873.4392
9501.331592
172.3239605
7125.622788
4029.551066
0
44742.21963
2223.469573
48979.62186
55299.17887
19771.47909
12903.68024
4464.566099
10478.07742
28637.67677
42691.91862
4630.651533
2108.029682
1551.297989
2562.8874
14752.81182
571.618029
9882.838122
3551.03383
28227.69068
78.21230529
7281.537126
47324.78169
24909.21826
64969.23692
5070.249866
1205.813183
465.4010971
110.5433449
14076.57511
24885.0259
2247.646092
4930.948423
1579.052773
0
155.7598311
205344.0497
8724.078177
4842.386466
2725.043914
485.5250408
2371.742246
37.07535569
28216.53943
57548.62161
0
426.4171198
1571.455671
4708.749406
15516.37312
9822.136986
9735.358546
32352.54111
4213.574312
24575.05182
200649.1645
38255.81247
661.0521366
450.7500848
14284.39825
895.2863479
3587.207753
443.1361554
24673.48483
68438.71882
372.1410943
1997.719907
85331.96947
20676.65714
0
4637.643074
1523.620273
11818.35777
23931.8399
4880.073274
585.5893737
11135.42894
603.2719721
166581.2154
2018.211042
5866.260157
575925.4783
0
39123.62371
1750.732245
8180.436632
5620.354292
1852.023473
10140.83437
23564.41944
305.1848583
3807.523261
6800.396256
127959.3941
12535.37068
1677.286062
1918.294372
0
14529.81001
1446.782326
307.2297264
3247.217708
31559.70633
546.8476202
441.26403
2216.228015
229697.7592
8712.207029
334256.973
1345.11369
29424.23335
0
129.3886202
34.59575031
28215.33002
263.5176852
63159.19325
3856.31499
48637.03464
36939.33005
2643.995034
8867.061679
6829.576083
11127.17483
40447.84397
248768.314
609.8428667
642913.9934
37551.08647
119285.5494
369.7625297
0
18172.51957
139011.6919
105760.9148
25.30869115
6321.336984
252.1571011
16313.86853
0
1544.0736
9392.813977
11492.43818
28225.98969
15144.63863
29154.09648
243.1524523
7409.231077
3184.109563
815.303296
50083.43856
11056.57946
4806.630287
20906.89252
22254.99695
772.7003743
144.9753074
39164.79365
24029.83081
35337.96894
30540.85796
12879.17278
2385.084216
688.1279453
23670.03597
4615.590182
10289.53821
135.4116388
17862.66095
51123.5399
110.7556333
5091.369161
157844.83
7531.478317
69.26181966
5848.204527
250890.1582
29098.9661
3697.023971
2549.486415
0
1295.086552
0
1776.966697
1820.742977
5392.20314
47956.30669
12511.85945
46502.72595
672344.9232
14921.13789
726.9192156
751.039543
852.4494356
12303.27738
2572.236775
127670.2691
1523.881429
154484.652
432.238432
24433.73814
24127.70228
11237.47948
68.42878818
379.3488135
0
0
0
0
0
0
0
0
0
0
0
0
0
0
0
0
0
0
0
0
0
0
0
0
0
0
0
0
0
0
0
0
0
0
0
0
0
0
0
0
0
0
0
588.5948003
0
0
0
0
0
0
0
0
0
0
0
0
0
0
0
0
0
0
0
0
0
0
0
0
0
0
0
0
0
0
0
0
0
0
0
0
0
514.7718639
0
0
0
0
0
0
0
0
0
0
0
0
0
0
0
0
0
0
0
0
0
0
0
0
0
0
0
0
0
0
0
0
0
0
0
0
0
0
0
0
0
0
0
0
0
0
0
0
0
0
0
0
0
0
0
0
0
0
0
0
0
0
0
0
0
0
0
0
0
0
0
0
0
0
0
0
0
0
0
0
0
0
3066.194097
0
0
0
0
0
0
0
0
0
0
0
0
0
0
0
0
0
0
6040.553396
0
0
0
0
0
0
0
0
0
0
0
0
0
0
0
0
0
0
0
0
0
0
0
0
363.0175226
0
0
0
0
0
0
0
0
0
0
0
0
0
0
0
0
0
0
0
0
0
0
0
0
0
0
0
17442.96026
0
0
0
0
0
0
0
0
386.6396918
0
0
0
117.3918467
0
0
0
0
0
0
0
0
0
0
0
0
0
0
0
0
0
0
0
42.82895892
0
0
0
884.4946494
0
60863.49683
0
0
0
0
22173.94338
4181.815214
0
0
0
0
0
0
0
0
0
0
0
0
0
0
0
0
0
0
0
0
1461.606043
0
578.6238647
0
0
0
0
0
0
0
0
0
0
0
0
0
0
0
0
0
0
0
0
0
129.0986648
0
0
0
0
0
0
0
0
0
0
0
0
0
0
0
0
0
0
0
0
0
0
0
0
0
0
0
0
0
0
0
0
0
0
0
0
0
0
0
0
0
0
0
0
0
0
0
0
0
0
0
148.538365
0
0
0
0
0
0
0
0
0
0
0
0
0
0
0
0
0
0
0
0
0
0
0
0
0
0
0
0
0
0
0
0
0
17481.50804
542.1079398
0
0
0
0
0
0
0
0
0
0
0
0
7174.484368
0
0
0
0
0
0
0
0
0
0
0
0
0
0
0
0
0
0
0
0
0
0
0
0
0
0
0
0
0
0
0
0
0
0
0
0
17271.43503
0
0
0
0
0
28.51188643
0
0
0
0
0
2014.486215
0
0
0
0
0
0
0
0
0
183.3614495
0
0
0
0
0
0
0
0
0
0
0
0
0
0
59.84645036
0
0
0
0
0
0
0
0
0
0
0
0
0
0
0
0
0
0
0
0
0
0
0
0
0
0
0
0
0
0
0
0
0
0
0
0
0
0
0
0
0
0
0
0
0
0
0
0
0
0
10588.78915
0
0
15603.07468
0
0
0
0
0
0
0
0
0
0
0
0
0
0
0
0
0
0
0
0
62.5541889
0
0
0
0
0
745.7175181
0
0
0
0
0
0
0
0
0
0
0
0
0
0
0
0
0
0
0
0
0
0
0
0
0
0
0
0
0
0
0
0
0
0
0
0
0
0
0
0
0
0
0
0
0
0
0
0
0
0
0
0
3166.173656
0
0
0
0
0
0
0
12138.59416
0
0
0
0
2694.826676
0
0
0
0
0
0
0
609.7242041
0
0
0
0
0
0
0
0
0
0
0
0
0
0
0
0
0
0
0
0
0
0
0
0
0
0
0
0
0
0
7051.153068
0
1078.315426
0
0
14566.62311
0
0
0
0
0
0
0
0
0
0
0
0
0
0
0
0
0
0
0
0
0
0
0
0
0
0
1885.002732
0
382.9306283
0
0
0
0
0
0
0
0
0
0
0
0
0
0
0
0
0
0
0
0
0
0
0
0
0
0
0
0
0
0
0
0
0
0
0
0
0
0
0
0
0
0
0
0
0
0
0
0
0
0
4783.900937
0
0
0
0
0
0
0
0
0
0
0
0
70.85882762
166.4504609
0
0
978.7166826
0
0
0
0
0
0
0
0
0
0
0
0
0
0
0
0
0
0
0
0
0
0
0
0
0
0
0
0
0
0
0
0
0
0
0
0
0
0
0
0
0
0
0
0
0
226.885353
0
0
0
0
0
0
62.66975978
0
0
0
0
0
6338.695124
0
163.7867404
0
0
0
0
0
0
0
0
0
0
0
0
0
0
0
0
0
0
0
0
0
0
0
0
0
0
0
0
0
0
0
0
0
0
0
0
0
0
0
0
0
0
0
0
0
0
0
9495.229093
2087.863898
0
0
0
0
0
0
0
0
0
0
0
0
0
83.39614443
0
2316.659399
0
0
0
0
0
0
0
0
0
0
0
0
0
0
0
8425.741275
0
127.2505134
0
0
0
0
0
0
0
0
0
0
0
0
0
0
0
0
0
0
0
0
0
0
0
126271.2498
0
0
0
0
0
43153.6443
0
0
0
0
0
0
0
0
0
0
0
0
0
0
0
0
0
0
0
0
425.6448373
0
0
0
0
0
0
0
0
0
0
0
0
0
0
0
0
0
0
0
0
0
0
0
0
0
93.82359292
0
0
0
9564.053596
0
0
0
0
0
0
0
0
0
0
0
0
0
0
707.1906599
0
0
0
0
0
0
0
0
0
0
2511.591906
0
0
786.4961662
0
0
0
279.0331788
0
0
0
0
0
0
0
0
0
0
0
1768.726568
0
0
0
0
0
5810.051973
0
2918.236259
0
1103.987954
0
0
353.7024441
0
0
0
0
0
0
0
1390.747802
10205.61029
0
0
0
871.5100636
0
0
0
0
0
6670.09689
0
0
0
0
0
0
0
0
0
0
0
0
565.7049396
0
0
0
0
0
0
0
35027.7644
0
0
0
0
0
0
0
0
0
0
0
0
2775.986604
0
0
0
0
0
0
0
0
0
1764.919985
0
0
0
0
1094.692603
0
1899.328008
0
0
0
0
0
0
0
0
5115.038331
0
0
2286.302149
0
0
0
634.0458304
0
0
4030.078154
0
0
0
0
0
0
0
0
0
5885.48371
0
0
0
99698.55075
0
0
0
0
0
0
0
0
0
0
0
0
0
0
0
224.241577
0
21808.613
0
0
0
0
0
0
970.7108686
0
0
0
0
0
0
0
0
0
0
432.2371352
0
0
0
0
0
0
0
0
0
0
0
72.452852
0
0
0
0
0
0
0
0
0
0
0
0
0
0
0
0
0
0
0
0
0
0
0
0
0
0
0
0
0
0
1464.037218
0
0
0
0
0
0
0
0
0
0
0
0
0
0
0
0
0
0
0
0
0
0
0
0
321.7894153
0
0
0
0
0
0
0
0
0
0
1060.246906
196.5283636
0
0
37.34554518
0
0
0
0
0
1160.102715
0
0
0
2492.539323
0
0
0
0
0
1974.293759
0
0
0
0
0
0
0
0
0
0
0
0
0
126.6631603
0
0
45.15973941
0
0
0
0
0
0
0
0
0
0
0
0
0
0
0
0
44589.73711
710.3969053
0
1330.074908
0
0
0
0
0
0
0
0
0
0
0
0
0
0
0
0
0
1958.083112
0
0
0
0
0
0
0
0
0
636.7565927
0
2283.897257
63.65429839
0
0
0
0
0
0
0
0
0
0
0
0
0
0
0
0
0
0
0
0
5250.746991
0
0
0
0
0
0
0
0
7365.050703
0
0
0
0
0
0
1418.21129
0
0
0
0
0
201.306876
0
0
34587.31027
0
0
0
0
0
0
0
0
0
477.8558523
0
0
0
0
0
0
0
0
2087.299568
0
0
9019.20011
0
0
0
0
0
0
0
151.5170917
0
0
0
0
0
9352.966095
0
0
0
0
0
0
0
8040.731428
0
0
0
0
3202.62402
7255.585028
0
0
0
0
0
0
0
0
0
0
10360.98028
0
65268.8126
0
0
0
0
0
0
0
0
0
0
0
2938.757232
0
0
0
0
0
1890.140353
0
0
0
0
0
30.153433
0
0
0
0
592.6013424
0
0
0
1178.655482
0
0
0
0
0
0
0
0
0
0
0
0
3931.166055
0
0
0
598.4001382
0
0
0
0
0
0
0
0
0
0
0
0
0
0
0
2808.411216
0
10888.44276
0
0
0
0
0
0
4324.153717
0
0
0
0
0
0
0
84.36136136
0
0
0
0
0
0
81940.01305
0
0
0
0
0
0
0
0
465.3921481
0
0
0
0
89.20158148
0
0
0
0
0
416.6825148
0
0
0
0
0
0
628.9839042
0
1650.261366
255.8111651
0
1046.009263
0
0
54116.8906
0
8308.971135
0
7181.099368
0
0
0
0
0
0
0
0
0
910.9715445
640.7028866
0
18297.87448
0
0
0
2691.301231
0
0
0
0
0
0
5711.644742
0
0
0
0
0
0
0
0
0
0
0
0
0
0
0
0
89.37356612
0
0
0
0
0
0
0
0
0
0
0
0
0
0
0
0
0
0
0
0
0
0
0
0
0
0
0
0
0
0
0
0
0
1422.349408
0
0
0
0
0
0
0
0
0
0
0
0
0
0
0
0
0
0
0
0
0
0
0
0
0
40.68131691
0
0
0
2637.271989
0
0
1442.699092
1302.006383
0
0
0
0
0
54.29861056
5714.869083
0
0
0
0
6651.778652
0
0
0
0
0
0
0
0
0
0
0
0
0
0
0
0
0
7108.739474
0
0
0
35409.6059
0
0
0
0
0
0
0
233.5788874
0
0
0
0
0
4335.401376
0
0
186.8665935
0
0
0
0
0
0
0
6115.599142
102.3907324
0
0
0
0
0
0
0
0
0
77.82645957
0
0
0
0
0
1408.747929
0
30.91733081
0
0
250.2006613
0
0
0
0
0
0
0
0
0
0
0
0
0
0
0
0
0
0
0
0
0
0
0
0
0
0
71.70823761
0
0
0
0
3360.521342
0
0
0
0
0
5275.810615
0
0
0
0
0
0
0
0
0
0
0
0
0
0
0
0
0
265.4396736
0
0
0
1807.389267
0
0
0
7093.098498
380.5604716
0
0
0
0
4753.457829
0
0
0
1763.509237
0
0
0
0
0
0
9779.426729
0
0
10465.08673
0
0
0
0
9019.187642
0
0
0
0
0
0
0
0
27.84958521
0
311.7768254
0
0
10890.89773
0
0
0
3719.790425
0
0
0
0
0
577.1914734
0
0
0
0
0
0
0
232.2304243
0
0
0
5646.460607
0
0
0
0
0
43.37525134
0
0
0
0
0
0
0
0
220.1775228
0
0
982.948686
22.06172411
0
0
0
0
0
0
566.6363713
0
0
0
0
0
0
0
0
0
116.6517504
0
298.5841922
0
0
0
0
0
0
0
1981.815945
0
1187.2412
0
0
161.9554024
291.6630102
2018.692144
0
0
0
0
8654.470104
0
0
0
0
0
0
0
0
0
33863.79561
507351.3874
2104.995606
661997.2365
490766.5724
13956.73673
116129.0304
1423141.813
33854.40105
88460.53122
60014.91533
663447.2288
152334.7094
183618.8218
104742.7266
4073.777263
1649019.481
319840.117
173772.492
322534.641
22890.81697
49509.83444
162751.7734
532781.9068
21362.61361
734603.4788
77179.89337
1338838.111
1404590.982
59800.70402
565006.7434
706315.487
26545.66531
298785.7804
1699674.277
3612.921563
1142056.614
48891.64663
1126871.223
2504265.403
4728.194599
4212.122734
57222.90134
27396.89563
663505.7931
1469709.188
118989.9196
1198598.737
84.2826248
21321.18903
245998.8562
3995.678409
1289624.651
1675518.131
319.2686516
1060813.371
129142.8703
5366.964219
15743.4291
3481.342614
1666499.406
103343.4501
529467.0696
1565054.635
710188.8939
25699.37371
31603.42984
74792.15152
457837.8778
2698.097209
199.81721
104100.4065
70383.80224
29301.26772
524500.0341
888.8859956
4002.334262
2296805.082
290746.9337
1171264.243
2463.703906
153828.8571
859140.0371
188300.7306
66099.27398
573362.2501
280318.1788
31779.29105
28387.64175
30828.14995
13918.97154
96703.70404
1822973.252
18276.41973
6907.532168
14583.33213
7344.388786
369193.7399
175765.2373
1343.125675
35015.01198
480102.7449
5309.254627
125999.4438
18257.1647
32536.78419
51844.73788
42736.15803
783932.4621
26452.95334
91778.71427
1050642.934
16643.46815
82626.20945
719.5123634
45461.03172
183393.9666
515726.9344
88832.28818
938514.684
32849.66318
7115.706823
49279.72585
802386.7305
191419.6259
68930.38771
6002.230063
865939.9869
454787.5142
471.5360551
38515.76198
493512.5705
52531.74571
4480.484251
3687.381896
424631.8651
228966.931
346463.1928
579212.3116
39518.17504
52465.7051
7067.005298
27708.26641
135544.0897
7038.804585
1114473.926
718508.4221
422934.5491
83045.77414
2504004.277
1351.64192
376749.0856
282341.8284
107546.5467
1811022.557
695912.9923
740641.9937
586848.8461
547715.3737
3742.429714
651289.515
17439.03515
353062.3639
2680.869955
97465.83796
4186.167778
2094202.446
15514.37838
1351448.701
51262.37661
2626908.456
401016.0645
13066.88464
220139.3171
30866.12106
680586.433
48189.19123
21740.55218
6793.618783
6199.550624
3172.175977
731735.442
980663.552
86518.36649
1361412.864
414.0339321
4730.330478
258015.3886
1552694.71
225529.3789
44864.54063
1474312.33
35749.06301
152661.5773
80530.3835
53061.6998
31417.59471
264597.5631
254492.5183
30294.04648
17065.35407
10719.90435
808547.9933
822095.5868
513099.0086
822075.7048
50815.69245
347608.6306
28932.73857
15833.43583
72211.92409
39565.38295
38804.68562
406181.6509
21020.11071
253461.737
20212.50734
35009.33255
1284522.007
167495.3584
1039.284196
28362.84172
86429.13672
8280.121802
53429.456
429983.8426
9349.077618
17776.72535
5321.542875
15952.44699
5556.704778
100754.3715
967597.3652
2668.950921
136709.6376
154739.8402
30683.65538
547787.5639
39420.03714
35684.27927
677143.3395
432862.0242
414466.8354
1330891.69
2085567.017
933979.9578
1766.8678
401420.0286
800586.0267
328258.9584
35481.13539
20597.98603
609142.9217
50755.79981
928758.2697
280.6155527
66936.34418
279578.6247
1622595.664
18338.4746
228248.5051
2980.426099
7263.32051
968057.5528
2190463.382
1564068.022
15456.50269
635758.1585
573251.8425
96878.95419
99005.0003
7519.869942
52148.78709
1790117.711
208821.0276
421038.2224
147591.2275
118514.483
20926.79019
476079.8565
1478061.028
740108.0228
29905.76266
329293.5023
19136.57395
92940.73896
15041.45389
97161.72993
363673.8105
880.6457268
23833.92909
8426.332879
828093.01
401309.0981
437874.9878
478267.9545
126781.5667
51452.40486
19443.00533
2327540.768
186838.0602
0
97356.18081
322002.02
6209.376423
1128410.517
719069.8866
206926.6587
116370.8748
1479249.448
239246.5544
1929019.426
75376.37364
838557.5842
110551.1394
14195.36205
376871.1291
59545.90908
102482.0367
123702.5027
1420934.007
56015.65162
822261.6631
639991.7781
147041.4773
6044.014792
834957.3201
2365.811506
286386.9888
12204.19259
106879.5436
36383.50032
111444.2825
107854.6286
22766.74493
64010.60079
215512.0755
16100.86957
24143.54889
105738.054
20390.90869
690772.8267
14897.73701
50997.09525
34797.19353
456405.6601
47741.67323
42332.69944
17336.44267
1194816.103
21404.75072
2971.42159
36425.49434
23873.0177
794265.9755
125383.9432
3224.253786
91785.75127
803706.4578
997235.0091
289890.7275
78861.09937
716666.3692
30896.23137
87205.26607
37828.36118
45859.22945
11787.556
46483.39527
1217816.163
102409.3011
169920.946
2460950.3
673970.8201
242914.4679
22609.44665
284264.2788
54964.84439
1299089.731
66130.07237
17201.68669
860330.9514
37184.96207
645550.7145
31618.67142
161457.031
1433622.315
1357727.242
7025.98968
37919.19288
394552.0077
54775.63143
2273636.186
52712.24691
1023832.839
678807.7503
67985.66315
33626.74837
169159.4391
42896.12464
606045.3168
4200.674193
530291.6981
1781.592044
11335.786
18228.67765
1998560.765
295034.2432
692620.1327
1728146.976
1606.653006
9810.865943
714035.9763
123706.8957
19187.90208
484924.2237
12369.27128
165332.0289
804457.734
363287.2278
38783.41571
42290.81053
56072.01581
16927.57451
1164482.544
1948131.995
261754.7288
337639.3961
144471.0507
147935.6983
652080.3406
358543.4157
22595.76393
16416.80493
7923.007973
153608.7303
262067.7381
1207392.984
535290.7402
1531086.301
46919.50316
151653.798
269546.4482
2186537.356
9710.266735
565886.2546
105028.6989
1800.148003
1153531.407
1963.359187
7923.039712
29926.54885
317153.7417
10612.72486
55483.8188
16551.41344
637700.36
10018.44342
78213.9711
426717.8034
5146.528955
89909.93808
50479.1956
97312.80888
24737.50215
13453.73648
126273.7291
334181.4804
718938.6979
457338.0161
38218.7894
2991.284972
915294.3265
47675.79424
9431.978797
2242950.426
743804.4573
42720.73743
8654.168403
108690.5361
507593.5327
0
2980.536407
825911.3102
125804.777
27628.69431
11883.83338
19951.3123
617151.2194
264930.8256
14996.13113
2667345.435
17538.11123
16278.88079
660277.8879
127491.0193
250768.1217
5663.821772
3231.304135
1201749.446
156191.7559
189727.5091
11797.60994
862594.0251
254965.2819
150390.7569
203258.0604
1162337.051
385664.2602
439250.4322
1373790.565
180215.406
20423.93213
125184.0852
46658.00787
31992.82863
2632.851885
111298.0199
7303.135511
171658.5948
657235.1052
10846.50387
486890.4615
98732.16698
104086.7469
15120.97413
53573.16808
107384.3412
147556.1566
568757.6735
0
10322.54731
616440.7981
1606126.93
13432.55737
63445.69752
117440.8817
1054212.775
564921.3525
13240.93361
16554.06864
11073.72455
244527.2812
1689854.31
41470.50899
159742.9224
1737466.209
723263.6267
874893.4022
7176.092465
2031.476832
164366.9418
25948.66296
19791.33802
617633.4968
689859.0713
481193.651
12462.87403
1016393.562
109424.0253
19425.74483
42250.38339
1296045.978
99601.33235
427986.0557
678936.7191
874268.2216
588305.1528
267667.6911
7973.847516
327391.3929
1374054.098
17585.08382
158600.1471
2570701.497
154285.7213
21775.01768
114750.5581
45728.26502
1076718.076
4321.043766
23507.07356
26812.11322
881442.1834
178714.6062
14889.7974
1543100.968
99745.84548
960093.3381
38896.92796
824882.6887
545001.0275
615980.2002
1055169.595
540314.314
249667.3825
104485.0522
338717.96
20408.8982
477748.5559
810774.8919
4490.653878
155452.3834
7270.938572
913035.5838
39276.00151
3730.353511
683836.2886
122780.1599
263864.9469
59972.74994
603457.6723
10686.23493
393355.8277
19329.18386
32422.72333
13358.72874
20637.94394
11137.77052
1254134.892
113015.0726
342413.1484
87293.95405
91255.86382
802208.4539
1599119.307
1422696.908
322799.022
10466.31309
4454.75289
2727.019119
28817.43612
166884.8781
3345.637761
26060.97184
92714.74852
659261.1452
47729.71697
549785.1736
1149603.708
50714.59101
788821.8462
5706.754736
351115.5679
20378.21332
817615.3831
920595.0219
364504.1463
45339.87974
493622.6491
178164.9398
206048.3651
42230.81538
3930.04071
829363.2982
960.2578939
403825.0885
46575.51077
1871.218913
3825.795242
30412.61138
953275.9553
323329.1177
3277.825428
33145.25243
3256.731135
43302.08966
13093.44865
144313.4635
416348.4872
672584.0752
17782.74552
775060.9636
2241414.774
1037227.189
451709.3832
118148.3536
553827.3708
212982.4955
26508.79616
23813.76099
32346.38761
38181.70122
1396586.08
381924.5141
19565.13791
103823.1012
894044.7997
210715.3877
6032.377173
13011.85572
31089.91832
1178576.785
824795.7093
21423.38992
302381.3425
164923.0071
2386.781635
1289926.793
72345.90044
301426.9756
52142.59482
225566.0088
109986.4018
16964.43982
59723.05166
91893.45006
1737844.825
6564.261767
23692.86978
43996.14071
12406.107
1134818.688
53046.18372
183010.6102
60017.34904
1248.358213
25681.91281
1781.123671
524092.0913
1107721.088
1737792.522
92087.65374
15459.55326
368737.7918
13076.59042
1049305.12
42418.76423
66103.58205
10787.01225
21016.00925
630.5082975
59968.69273
41375.5653
423.293634
110705.2161
944716.2574
1809241.435
115530.2488
1681554.133
288939.9764
3776.598551
38824.39802
170237.4978
963115.8708
740986.4557
36042.09726
1756842.161
1872964.838
1984136.627
940937.9134
12682.74319
105830.1961
659866.2634
11139.465
1197879.605
352583.4651
687162.956
49814.22187
36983.22254
13359.40069
40745.47075
4880.208226
16980.18033
50156.02445
797608.5657
1438328.285
148294.5998
122463.8822
996420.0269
89529.53005
1815413.8
72910.84942
43356.03426
1628.351765
65378.19393
348296.6194
257579.7247
1146333.935
253996.3166
27636.81787
417589.2288
542547.5943
13148.42
1193555.731
116786.7629
665084.3917
33042.75793
951082.2291
9317.259458
8739.205693
88433.97744
27722.9517
1776230.598
13789.80913
9485.172132
810580.3021
159539.886
372587.9732
30045.56147
1170.490813
779351.1515
1849265.351
1170118.018
728405.9799
458561.1501
8472.307246
401327.2328
985645.3544
6911.899197
1373928.608
13840.95855
273069.5479
27501.84101
2605.559536
412553.0754
49255.81446
33064.10154
339432.7287
700099.4898
59231.18564
1047858.355
207662.5189
9146.729579
202528.7992
224412.7797
671450.2002
1472431.095
13438.46385
51673.90623
573920.3651
147527.0565
611860.9004
7031.120537
194011.9435
224987.4811
3916.577599
9159.339386
464761.0571
101037.1217
193396.1128
8706.632369
80213.06591
934094.3918
25539.54179
14815.33223
17587.32798
635105.6959
301579.8322
302414.1083
142088.3385
1806.493584
316410.9834
1111187.464
151691.8508
61625.44561
1230671.367
761729.3203
342071.8597
335764.2969
374240.3985
546295.1274
444150.817
217506.6737
20857.09949
895443.952
1301189.024
335793.7908
2605415.236
61501.7853
79281.58462
2890.9782
23994.67511
408256.7447
2243153.517
145525.7133
2370140.455
17216.77818
6350.304031
20261.61578
30509.50389
2467667.751
407354.0704
171188.8551
513761.7927
857723.0056
11972.81604
25050.09499
111261.4668
116101.4537
43065.04299
656618.0203
5809.604794
137198.4778
722676.7477
11340.83687
672685.0604
13422.65685
17550.34226
7700.711965
61341.96217
62644.62417
538192.5159
50779.05946
225965.1068
703504.7793
891860.0777
42217.62345
582296.7134
43698.78617
5905.996425
535346.1079
781409.481
822582.6501
372557.6203
342733.501
349494.0973
592391.337
140209.2244
38570.76167
19601.82899
21946.44115
90685.25327
172109.9132
34106.19892
162192.6606
269721.2927
1069660.481
123147.1203
417742.4209
31335.81688
30438.13141
880180.4163
181925.2948
974.9860939
433556.0827
61180.89285
9227.969977
12451.65401
1563845.171
127717.9565
12840.96175
61737.99608
10918.57283
25853.47514
23650.77369
469010.5951
13264.24564
1608452.491
5169.695613
153122.8549
72717.84273
785908.9416
553737.5456
320670.4041
160369.2234
608697.3345
84184.01987
718357.9795
2008352.844
30251.77048
6084.392389
23010.74047
1814341.857
0
233552.402
1455147.398
1581328.351
32423.73282
8968.694056
28330.23786
30319.03758
189556.4718
121974.9203
7325.282228
1488250.769
607795.7907
52190.22629
1580203.301
1016397.048
1240600.181
51219.05874
72288.30763
65375.44772
168404.1058
182182.3881
89968.98703
111469.3531
876046.4266
819880.2231
1230456.217
661994.0485
199524.6809
20237.27243
15793.27448
196076.7144
71316.3444
10930.37929
628652.539
27513.54297
426.5038378
0
0
765.2504162
0
0
0
44949.1302
0
12984.96135
0
0
65012.74995
2114.286974
20246.39302
585521.538
1571.481209
11976.02141
0
0
2678.437226
0
0
0
339311.2667
0
0
0
568.7977846
0
0
803.0200521
7036.997811
4710.782356
0
0
0
368.4536139
1929.464726
11898.37421
0
0
0
2648.014571
0
0
0
0
0
604353.5562
109534.3997
21333.98299
0
0
3979.968837
0
0
0
0
0
0
0
0
0
0
12224.58257
1456.049657
0
4574.792868
0
9188.1352
6902.521773
0
22954.34463
168459.5468
7559.92171
0
16850.36773
9081.586146
22855.88203
0
0
6001.212255
0
0
3885.445745
0
0
0
26813.34952
0
0
0
3018.511967
936.9293183
0
0
0
1929.462324
0
0
0
5639.252477
32606.96395
0
1564.007779
0
0
0
0
0
0
2976.435195
27428.8697
0
0
0
8022.545468
0
4301.873314
0
0
0
6648.898506
0
0
0
477.7369508
0
0
0
0
3295.90336
0
0
0
0
0
0
0
0
0
0
0
0
6268.50813
1918.67642
0
0
0
14628.65409
192167.7117
1830.202699
1300.257376
0
0
0
0
0
36194.00108
24890.89679
1476.125192
1187.346527
0
0
0
0
0
2754.42244
10105.07246
1697.005938
0
0
0
0
0
1676.356323
0
0
0
3299.216965
0
0
0
56351.62771
0
0
32924.07981
0
559.5426052
0
0
0
0
0
0
0
0
0
4119.790476
28632.24426
0
0
28367.70626
0
0
0
0
0
0
0
3083.288968
0
0
5005.225897
0
7843.831166
439.2866742
6024.137514
0
0
1437.631698
0
22052.55817
571.7075795
0
448.1480843
0
12452.85382
1049.986195
0
0
0
0
0
0
0
0
0
0
32000.54185
0
1873.970694
15952.29756
0
0
0
15041.85113
0
0
0
0
810.5526194
0
0
0
6868.90193
0
0
0
0
0
0
0
0
0
0
374.2120121
0
4717.601988
0
0
0
1564.010861
1073.152352
0
0
8460.126232
0
103.4117696
0
285.3636179
0
0
4946.263097
1534.158696
0
0
0
42577.76297
0
0
0
0
38370.71609
0
4479.285058
0
40218.41535
0
0
0
278.8974423
0
0
0
6298.766849
0
0
640236.756
0
0
0
666146.3387
1371.46125
0
0
0
0
0
0
0
243.9945321
135.8517815
299.3083174
0
6176.521546
3745.140966
16299.09917
0
0
0
5021.692235
0
0
0
0
4189.456667
0
0
0
0
60384.88263
0
0
0
4260.138758
0
6647.221142
0
0
28730.87244
0
0
60271.9399
0
16098.28515
19122.05635
0
7282.211861
0
0
0
31032.62934
40272.83634
0
10308.87564
0
5188.10587
25913.805
604.1840315
178.7528435
0
0
0
0
0
107832.7627
0
0
0
85220.82954
0
0
0
0
0
2095.17167
0
4023.943221
2701.431315
0
670.9540732
0
0
0
488630.0247
0
0
0
0
455.2479355
0
10404.29849
0
0
121949.1662
3167.391497
0
0
1824.002952
0
3837.792495
1470.550193
588.5961015
0
0
0
4782.64538
20523.79384
0
0
0
107318.7362
253392.4587
0
2730.178175
0
191661.2939
0
0
294.6153078
0
8941.409568
0
0
0
1067.223593
0
0
1408.155551
0
102603.0113
3129.069235
0
0
0
0
0
0
0
0
3738.895206
0
0
0
0
6191.266742
0
0
0
18510.666
7688.385103
0
0
0
306.7753861
0
0
0
0
16501.27236
1132.048129
2947.005783
16204.00253
982.9483861
0
0
151.6064434
88743.2643
3393.611741
16751.6096
3062.310081
0
21107.69909
0
13028.80846
0
1746.62405
0
13361.16686
0
5440.111417
215.1394268
0
0
0
0
2218.462855
0
730.9797112
0
2248.720628
0
13728.46489
0
0
108.4268324
50623.94822
0
0
0
0
0
2286.29872
17016.92966
11789.07708
0
2927.852372
0
0
568689.483
10539.44161
0
0
0
0
0
945.8860187
0
0
0
1004.136881
0
0
0
3064.739896
0
2696.418971
24201.14852
0
0
191257.8752
0
5577.406736
0
7718.236197
0
0
0
9368.92435
0
18439.98273
0
0
0
0
0
0
0
0
0
305.635447
0
0
13570.54237
0
79995.19961
0
29351.76451
0
0
28496.76874
0
0
0
0
0
0
57642.79788
0
0
0
591.0834598
4519.831896
0
1067.374083
15877.69862
0
0
793.326925
0
0
0
0
0
0
2938.741331
0
1470.601357
695.7425608
0
0
0
6251.107874
0
0
1728.423407
101991.6582
0
20012.70174
0
0
0
0
0
14093.48988
0
0
4955.807363
768.1725105
0
0
4573.621897
0
458131.83
0
5842.794971
0
0
0
12406.64213
613.9209949
0
273492.491
574.3644725
0
0
0
836.6744957
518485.5018
0
0
0
5513.188077
1539.113892
0
0
3555.302429
0
14325.76294
0
0
0
0
0
0
0
1289.357038
0
0
0
4353.204021
93282.91069
0
14980.01233
37874.28356
0
91812.60246
0
0
1963.213309
4298.537401
0
0
0
0
0
0
0
0
16115.08997
8833.015876
5013.98512
0
0
0
0
0
0
0
930.5898913
0
0
1329.42129
0
0
2705.643234
835.0270357
0
0
0
6580.855184
0
0
1230.689624
0
141.5347443
0
280.0778888
0
0
3303.230264
0
0
0
0
4293.506932
0
0
4073.038159
0
1997.169231
1006.324561
2981.674057
0
0
4796.356367
274302.0135
0
1326.347425
14400.10945
0
0
5426.093669
0
0
0
0
514.1413462
0
0
0
0
0
4402.935454
0
1819.85136
0
49869.97487
0
0
13377.36914
0
213.8582468
16076.67844
22525.18792
0
0
292241.9119
39713.85035
0
0
0
0
29483.89172
0
0
0
2427.550198
0
8668.818319
0
24873.43804
0
5101.65194
0
0
2253.785224
0
0
2094.247179
98207.84844
0
575.9834162
0
0
0
0
0
0
0
0
0
0
7141.88045
0
0
69493.40074
0
0
12316.0005
0
0
0
12736.02258
0
0
86469.92108
0
0
0
3671.124698
178.7528647
0
13876.36282
321.4937243
190.4135065
39150.34921
0
1257.522253
18892.47467
12432.8477
4557.224101
0
0
0
1310.347563
0
0
3149.520095
0
0
801.2656512
0
0
0
0
0
0
4193.763759
0
0
84207.92261
0
24536.5984
0
0
0
3244.683378
0
0
13899.97097
17186.80744
0
0
55684.7139
0
1298.822136
0
0
1489.966767
0
0
0
12723.16308
17268.19177
0
15552.94419
2118.594349
0
652.8762735
1741.843761
0
0
0
0
107.3591582
0
0
0
26437.9305
443.2461505
0
0
2751.611091
0
0
0
0
0
0
2681.035964
0
2008.56835
9010.661647
0
2335.776754
12256.09615
1050.6224
0
0
0
5393.233348
0
0
0
29396.80489
0
0
607.8216125
0
713.90216
0
0
0
17022.3352
555.7498605
0
1465.433113
1951.473073
0
0
0
0
0
0
0
932.9198362
70236.60068
0
38790.09371
0
0
221.1663097
654060.4569
328.5323221
40818.78897
0
0
38765.45982
0
956.0701484
1339.641157
0
1475.393629
852.4392488
0
0
3866.90179
0
0
0
0
0
7246.704791
0
0
0
0
28118.09966
0
0
3266.563003
45141.30055
0
52159.67322
0
0
76872.82315
0
0
0
0
0
1524.279666
0
0
26041.30027
0
3840.978072
1308.965312
0
0
0
0
14712.97515
4641.921992
0
149697.5619
0
7404.237502
0
0
2440.630178
0
0
0
0
0
0
0
0
0
0
19998.9285
1861.193267
0
4355.852337
0
11625.35693
0
1955.119281
7240.369815
0
0
0
3712.135203
0
19371.93162
0
757.2239185
0
0
0
0
0
0
0
0
0
0
13336.30013
22668.18148
1334.495321
0
0
0
2091.419894
44076.71776
0
0
0
0
0
0
0
0
0
2288.451183
0
0
0
0
5774.977116
0
0
0
526303.1795
32928.15667
0
0
0
0
0
0
0
0
0
0
1537.885176
0
0
0
83.30345333
0
0
0
0
0
0
0
0
0
0
395116.8808
0
0
13913.10163
0
0
0
0
0
0
260.833346
0
0
0
0
247.7479785
2189.65526
254.3851168
786.637266
298009.0735
0
0
13033.57011
6794.068846
0
0
0
0
0
0
0
52444.88558
1009.068184
10343.84522
0
0
0
5135.569611
0
0
0
0
876.4262309
0
1461.071853
0
9499.493743
0
1499.732022
0
1115.360612
0
0
0
0
0
0
0
0
2987.534558
0
12456.49201
0
0
0
0
416.6818238
1942.083002
0
0
80848.02026
0
7031.431554
0
0
0
0
0
7375.621229
0
0
0
3925.585561
0
0
0
0
0
0
0
0
0
0
1229.76331
0
0
0
5942.636164
28117.5328
0
0
62321.2674
850.5894836
21365.04529
0
555.6284767
0
0
20218.0056
0
0
0
0
0
0
0
0
0
0
0
36349.44185
0
0
0
0
6432.07135
2101.017664
4555.268907
0
0
0
11692.02954
0
0
0
263.0147366
0
1194.210493
0
0
0
0
0
202002.6751
0
151.5172857
0
0
0
0
2011.874819
56117.20927
0
0
933.3651104
0
6227.618906
0
0
0
0
0
0
0
0
15517.38068
0
505.126404
0
0
0
0
0
0
31435.42591
0
0
0
0
0
0
0
0
0
0
0
0
0
59237.53918
0
0
0
0
810.9689922
617.6383241
0
0
0
31095.65851
0
0
0
652.8759562
0
0
0
0
0
0
13322.89355
0
0
0
0
0
66186.9503
0
12116.57716
0
0
0
0
7378.246328
0
171224.3113
663.1678239
69185.63027
0
0
0
0
1993.43778
0
0
0
0
3295.927293
0
0
0
0
0
0
0
442.0995312
0
0
0
0
10766.12101
0
2763.120558
25901.44309
25407.33064
26078.12256
8197.146472
588.5951254
382.3778505
24686.53173
25951.94024
10907.25608
0
5223.763214
0
0
376.9370036
0
0
0
0
0
0
0
0
0
0
0
0
0
0
0
0
0
0
0
0
0
5776.402951
0
1070.178634
0
93.82360411
0
0
16017.48382
0
640.558531
0
0
240.1583295
1352.250236
0
12066.32421
590.2582806
41965.5492
0
0
1741.988398
0
0
1482.769866
0
20759.6048
9073.942232
0
16086.13382
0
0
0
0
0
0
7873.674502
0
0
0
0
0
0
0
0
0
0
0
0
27214.48491
9335.606347
0
0
0
0
2499.87407
0
0
0
0
9371.877082
0
9110.802303
0
11901.44216
3639.7058
0
4909.932126
0
0
0
0
0
10479.65077
0
0
0
14245.96676
0
0
0
8644.75664
0
0
0
0
4769.181508
0
0
0
0
0
0
0
391.5410392
20775.63227
0
902.106055
334.2517806
0
738.4127128
8331.607503
0
0
0
0
0
0
17631.75038
0
0
0
0
0
0
0
0
0
0
0
0
7907.321711
0
11813.1301
0
2911.401637
0
0
0
0
167.5533832
9817.03552
0
0
0
0
0
593.048016
46327.23634
0
21912.27495
0
0
2498.795686
0
0
0
1013.103267
0
226.8854459
7989.542835
17290.38347
0
0
1526.766921
0
842.0963955
0
0
7223.092895
0
0
0
0
3766.8568
2084.264274
0
0
0
0
11201.62431
0
11715.55526
1898.410541
0
0
14064.15371
1175.829323
1140.444982
1191.230033
0
0
0
0
111.3847541
0
0
0
0
0
0
0
421.7266357
0
0
0
0
0
0
1275.006402
0
0
0
8761.041127
0
0
0
0
0
0
51506.74805
183031.623
0
0
0
0
0
1352.319325
1628.372342
8107.71431
0
0
0
0
5099.112219
39464.59092
10572.68492
1848.678718
0
1991.472447
0
0
4006.105038
840.5972146
0
33720.22262
2681.028805
0
1915.763672
0
0
0
0
0
0
306.9526145
9479.10754
0
800.1912979
0
0
0
5014.107987
7669.129556
8884.856373
0
0
0
0
0
0
0
0
20130.56811
4721.221565
0
6688.774976
0
0
1215.056386
0
7973.360671
0
2119.038967
0
0
0
0
9944.800086
946.8753423
0
0
5493.896393
3050.81101
10102.46946
0
0
0
0
0
0
0
0
0
31639.74859
0
0
0
0
0
20351.87617
2243.747242
496.6053912
0
0
0
6200.183063
0
0
0
0
0
8912.719273
2604.375371
612.2457666
0
0
0
0
0
0
0
0
0
248.7297825
0
0
0
1652.528956
0
0
0
17033.92866
0
859.9212753
0
10315.1877
37911.53469
0
4888.816586
0
0
7521.168861
55603.1844
2488.367692
0
0
0
0
0
0
901.6241136
0
0
0
206.2705276
0
9041.614691
26858.25645
1057.670207
38213.86495
0
0
14163.38198
0
0
14400.33734
0
0
0
0
0
1007.878162
4584.235585
0
5458.701768
0
0
0
0
455.2473898
0
0
0
0
0
1447.587672
0
0
0
0
0
0
0
197981.396
0
0
1705.211563
10974.72016
0
0
10913.31255
938.5064829
0
0
11216.72287
0
12230.4837
0
0
5833.113762
35662.13098
0
174463.7646
0
0
0
0
0
0
631.0393013
0
0
378.4641428
0
0
0
11418.396
0
0
0
0
0
0
0
0
12571.34039
0
0
0
0
0
0
0
0
0
876.2808864
0
0
0
5986.678326
0
620.846946
0
0
1292.970749
11645.51503
18545.60845
4070.434131
0
1398.511928
1582.225689
9297.942176
0
0
0
100077.4881
0
0
0
1814.44702
0
0
0
0
0
5301.920334
0
0
0
25718.06157
0
6349.008039
626.5686719
0
0
2414.642481
0
0
0
0
9152.236317
0
0
0
0
4879.896237
0
9298.778668
0
0
0
0
0
205151.1572
0
0
0
902.2548882
14454.27607
13159.31213
0
0
0
0
0
0
1315.625686
0
0
0
0
31108.77648
0
0
0
0
0
0
0
20416.98884
0
0
62412.13851
0
1357.757711
22888.6702
0
0
0
0
0
0
18512.22033
0
0
0
0
0
0
0
11779.24158
0
2099.983651
0
4213.506894
0
1929.464125
0
0
0
0
0
400.832733
0
0
13640.78621
0
0
0
0
52377.47235
0
0
0
19340.88629
0
0
0
560165.475
688.519375
0
376.9414793
0
0
0
0
21409.44071
352.7065196
0
0
24092.5628
850.5892985
0
0
0
1204.697837
0
81889.26321
0
0
0
0
3981.55433
6996.042628
850.5887435
10789.75035
954.9398633
0
0
12814.22859
0
0
0
0
7678.400395
0
0
0
11583.62033
0
22764.15926
0
0
55955.38766
1564.575466
0
7759.417011
0
